 1012907.295881
 1012907.303915
 1012907.311758
 1012907.318426
 1012907.328136
 1012907.334508
 1012907.340476
 1012907.346628
 1012907.352880
 1012907.368042
 1012907.374069
 1012907.380963
 1012907.384224
 1012907.387358
 1012907.390670
 1012907.393764
 1012907.396351
 1012907.398566
 1022171.280894
 1022171.315609
 1022171.355487
 1022171.386560
 1022171.426530
 1022171.453431
 1022171.482341
 1022171.509553
 1022171.537977
 1022171.584944
 1022171.616616
 1022171.645000
 1022171.674269
 1022171.703479
 1022171.734634
 1022171.764184
 1022171.794396
 1022171.828135
 1022171.875711
 1022171.919281
 1022171.959752
 1022171.989614
 1022172.022061
 1022172.052112
 1022172.084071
 1022172.117944
 1022172.150456
 1022172.183242
 1022172.214633
 1022172.243020
 1022172.253071
 1022172.260498
 1022172.266973
 1022172.273560
 1022172.280123
 1022172.286633
 1022172.293760
 1022172.302201
 1022172.310985
 1022172.318385
 1022172.325490
 1022172.332014
 1022172.338663
 1022172.345339
 1022172.352019
 1022172.358542
 1022172.365148
