 1203749.625179
 1203749.691514
 1203749.755153
 1203749.818844
 1203749.882910
 1203749.944590
 1203750.010040
 1203750.071083
 1203750.134526
 1203750.197577
 1203750.259417
 1203750.323341
 1203750.384415
 1203750.449091
 1203750.493007
 1203750.554832
 1203750.617119
 1203750.678235
 1203750.741068
 1203750.804076
 1203750.867613
 1203750.930551
 1203750.993113
 1203751.056516
 1203751.118495
 1203751.179948
 1203751.243896
 1203751.305657
 1203751.367750
 1203751.429932
 1203751.490311
 1203751.554409
 1203751.627961
 1203751.692057
 1203751.753439
 1203751.814970
 1203751.878425
 1203751.940231
 1203752.000941
 1203752.078178
 1203752.140937
 1203752.200999
 1203752.267130
 1203752.334424
 1203752.405470
 1203752.469412
 1203752.535296
 1203752.608404
 1203752.670879
 1203752.733583
 1203752.795940
 1203752.872646
 1203752.936013
 1203752.998125
 1203753.063943
 1203753.138136
 1203753.199820
 1203753.275828
 1203753.337417
 1203753.412149
 1203753.475855
 1203753.553560
 1203753.615007
 1203753.689417
 1203753.752466
 1203753.828805
 1203753.891412
 1203753.969315
 1203754.031801
 1203754.106930
 1203754.176310
 1203754.244702
 1203754.320357
 1203754.394384
 1203754.458436
 1203754.534473
 1203754.611538
 1203754.688830
 1203754.749814
 1203754.825915
 1203754.902284
 1203754.979862
 1203755.052390
 1203755.120088
 1203755.193287
 1203755.271920
 1203755.347085
 1203755.442472
 1203755.548087
 1203755.645347
 1203755.710580
 1203755.777900
 1203755.808056
 1203755.867976
 1203755.926434
 1203755.956922
 1203756.097489
 1203756.127422
 1203756.206458
 1203756.238296
 1203756.350798
 1203756.381523
 1203756.452604
 1203756.565262
 1203756.599258
 1203756.704164
 1203756.735392
 1203756.817046
 1203756.849995
 1203756.961842
 1203757.034726
 1203757.073841
 1203757.149196
 1203757.182950
 1203757.294322
 1203757.348220
 1203757.459737
 1203757.497395
 1203757.599182
 1203757.633472
 1203757.745604
 1203757.805782
 1203757.843144
 1203757.951712
 1203757.989768
 1203758.147669
 1203758.216352
 1203758.336715
 1203758.432938
 1203758.474350
 1203758.552181
 1203758.593228
 1203758.689378
 1203758.728332
 1203758.801926
 1203758.842620
 1203758.914122
 1203758.951731
 1203759.024248
 1203759.064332
 1203759.127710
 1203759.197184
 1203759.243070
 1203759.309458
 1203763.128372
 1203763.174791
 1203765.546080
