 1019896.860628
 1019896.892657
 1019896.925260
 1019896.958488
 1019896.982876
 1019897.005946
 1019897.028631
 1019897.050979
 1019897.073870
 1019897.096203
 1019897.118633
 1019897.140424
 1019897.162724
 1019897.184701
 1019897.206755
 1019897.229706
 1019897.251756
 1019897.274157
 1019897.296481
 1019897.318712
 1019897.340964
 1019897.363073
 1019897.385391
 1019897.407550
 1019897.429370
 1019897.451525
 1019897.473653
 1019897.495495
 1019897.517499
 1019897.539234
 1019897.561571
 1019897.583938
 1019897.606213
 1019897.628302
 1019897.650414
 1019897.672528
 1019897.694640
 1019897.716997
 1019897.738931
 1019897.760921
 1019897.783196
 1019897.805579
 1019897.827655
 1019897.849815
 1019897.871838
 1019897.893488
 1019897.915761
 1019897.938350
 1019897.960604
 1019897.983246
 1019898.005303
 1019898.027992
 1019898.050116
 1019898.072479
 1019898.094722
 1019898.116699
 1019898.138594
 1019898.160667
 1019898.182605
 1019898.204452
 1019898.226655
 1019898.248662
 1019898.270602
 1019898.292608
 1019898.314506
 1019898.336643
 1019898.358726
 1019898.380392
 1019898.402742
 1019898.424928
 1019898.447110
 1019898.468793
 1019898.490841
 1019898.512975
 1019898.535872
 1019898.558470
 1019898.580326
 1019898.602345
 1019898.624683
 1019898.646789
 1019898.668702
 1019898.690798
 1019898.713614
 1019898.735506
 1019898.757304
 1019898.780630
 1019898.802811
 1019898.825569
 1019898.848305
 1019898.870904
 1019898.893224
 1019898.915674
 1019898.938007
 1019898.960137
 1019898.982245
 1019899.004403
 1019899.026955
 1019899.049305
 1019899.071206
 1019899.093027
 1019899.114942
 1019899.137060
 1019899.158998
 1019899.181067
 1019899.202864
 1019899.224685
 1019899.246660
 1019899.269313
 1019899.292327
 1019899.314802
 1019899.337106
 1019899.359020
 1019899.381175
 1019899.403005
 1019899.424978
 1019899.446840
 1019899.468520
 1019899.490212
 1019899.511748
 1019899.533881
 1019899.556062
 1019899.577858
 1019899.600044
 1019899.622151
 1019899.643940
 1019899.666189
 1019899.687889
 1019899.709969
 1019899.731658
 1019899.753677
 1019899.775690
 1019899.797397
 1019899.819155
 1019899.840983
 1019899.862917
 1019899.884857
 1019899.906710
 1019899.928350
 1019899.950281
 1019899.971961
 1019899.993817
 1019900.015269
 1019900.037161
 1019900.058801
 1019900.080321
 1019900.101894
 1019900.123914
 1019900.145715
 1019900.167344
 1019900.189550
 1019900.211329
 1019900.233127
 1019900.255027
 1019900.276996
 1019900.299012
 1019900.321640
 1019900.343600
 1019900.365415
 1019900.387083
 1019900.408961
 1019900.430864
 1019900.452347
 1019900.473824
 1019900.495954
 1019900.517547
 1019900.539373
 1019900.561103
 1019900.583067
 1019900.604819
 1019900.627084
 1019900.648829
 1019900.670543
 1019900.692819
 1019900.714555
 1019900.736215
 1019900.758237
 1019900.779816
 1019900.802148
 1019900.824082
 1019900.846097
 1019900.868079
 1019900.890245
 1019900.912059
 1019900.933878
 1019900.955320
 1019900.976986
 1019900.998668
 1019901.020422
 1019901.042319
 1019901.064110
 1019901.085852
 1019901.108006
 1019901.129781
 1019901.151487
 1019901.173595
 1019901.195109
 1019901.216538
 1019901.238635
 1019901.260413
 1019901.282057
 1019901.304090
 1019901.325783
 1019901.347456
 1019901.369439
 1019901.390804
 1019901.412929
 1019901.434636
 1019901.456704
 1019901.478718
 1019901.500818
 1019901.522522
 1019901.544566
 1019901.566457
 1019901.588100
 1019901.609777
 1019901.631406
 1019901.653542
 1019901.675173
 1019901.697304
 1019901.719491
 1019901.741380
 1019901.763419
 1019901.785438
 1019901.807616
 1019901.829558
 1019901.851420
 1019901.873107
 1019901.894672
 1019901.916341
 1019901.938033
 1019901.959933
 1019901.982021
 1019902.003922
 1019902.025503
 1019902.046964
 1019902.068838
 1019902.090400
 1019902.112661
 1019902.134376
 1019902.156094
 1019902.178260
 1019902.199922
 1019902.221401
 1019902.243155
 1019902.265036
 1019902.287317
 1019902.309432
 1019902.331138
 1019902.352615
 1019902.375395
 1019902.397060
 1019902.419034
 1019902.441364
 1019902.463588
 1019902.485517
 1019902.507683
 1019902.529676
 1019902.551894
 1019902.573925
 1019902.595664
 1019902.617411
 1019902.639461
 1019902.661103
 1019902.683003
 1019902.704839
 1019902.726804
 1019902.748277
 1019902.770390
 1019902.791707
 1019902.813638
 1019902.835454
 1019902.857075
 1019902.878573
 1019902.900322
 1019902.922016
 1019902.943848
 1019902.965731
 1019902.987618
 1019903.009176
 1019903.030495
 1019903.052573
 1019903.074193
 1019903.095741
 1019903.117549
 1019903.139154
 1019903.161125
 1019903.182998
 1019903.204764
 1019903.226625
 1019903.248054
 1019903.269912
 1019903.291416
 1019903.313558
 1019903.335151
 1019903.356820
 1019903.378365
 1019903.399862
 1019903.421368
 1019903.443279
 1019903.464945
 1019903.486836
 1019903.508536
 1019903.529989
 1019903.552229
 1019903.573813
 1019903.595588
 1019903.617002
 1019903.638978
 1019903.660386
 1019903.682232
 1019903.703967
 1019903.725466
 1019903.747249
 1019903.769126
 1019903.790508
 1019903.812234
 1019903.834062
 1019903.855822
 1019903.877411
 1019903.898738
 1019903.920387
 1019903.942097
 1019903.963903
 1019903.985631
 1019904.007447
 1019904.028823
 1019904.050347
 1019904.072426
 1019904.094589
 1019904.116172
 1019904.137687
 1019904.159347
 1019904.181079
 1019904.203169
 1019904.225177
 1019904.246732
 1019904.268290
 1019904.290210
 1019904.311867
 1019904.333639
 1019904.355268
 1019904.376833
 1019904.398634
 1019904.420287
 1019904.441543
 1019904.463479
 1019904.485059
 1019904.506963
 1019904.528849
 1019904.550375
 1019904.572416
 1019904.593787
 1019904.615309
 1019904.637232
 1019904.658824
 1019904.680758
 1019904.702320
 1019904.723969
 1019904.746055
 1019904.767960
 1019904.789569
 1019904.811778
 1019904.833405
 1019904.855140
 1019904.877108
 1019904.898859
 1019904.920519
 1019904.942222
 1019904.964211
 1019904.985612
 1019905.007233
 1019905.028970
 1019905.050798
 1019905.072479
 1019905.094097
 1019905.116059
 1019905.138034
 1019905.159455
 1019905.181444
 1019905.203005
 1019905.224426
 1019905.246388
 1019905.267815
 1019905.289969
 1019905.311567
 1019905.333237
 1019905.354973
 1019905.376790
 1019905.398910
 1019905.420652
 1019905.442290
 1019905.463738
 1019905.485265
 1019905.506929
 1019905.528976
 1019905.551112
 1019905.572964
 1019905.594474
 1019905.616233
 1019905.638009
 1019905.659437
 1019905.681063
 1019905.702823
 1019905.724601
 1019905.746260
 1019905.768034
 1019905.790033
 1019905.811612
 1019905.833291
 1019905.854777
 1019905.876437
 1019905.898356
 1019905.920180
 1019905.941619
 1019905.963258
 1019905.985259
 1019906.006987
 1019906.028370
 1019906.050191
 1019906.071707
 1019906.092990
 1019906.114661
 1019906.135996
 1019906.157800
 1019906.179415
 1019906.201000
 1019906.223006
 1019906.244913
 1019906.266502
 1019906.287950
 1019906.309455
 1019906.330941
 1019906.352567
 1019906.374562
 1019906.396434
 1019906.417821
 1019906.439771
 1019906.461148
 1019906.483322
 1019906.505173
 1019906.526564
 1019906.548633
 1019906.569872
 1019906.591538
 1019906.613018
 1019906.634438
 1019906.656389
 1019906.678035
 1019906.700024
 1019906.722027
 1019906.743530
 1019906.765379
 1019906.786695
 1019906.808091
 1019906.829601
 1019906.851100
 1019906.872541
 1019906.893992
 1019906.915690
 1019906.937477
 1019906.959040
 1019906.980463
 1019907.002163
 1019907.023892
 1019907.045481
 1019907.067119
 1019907.089025
 1019907.110578
 1019907.132125
 1019907.153778
 1019907.175459
 1019907.197463
 1019907.219287
 1019907.241063
 1019907.262448
 1019907.284203
 1019907.306073
 1019907.327837
 1019907.349721
 1019907.371593
 1019907.392961
 1019907.414808
 1019907.436330
 1019907.458044
 1019907.479728
 1019907.500866
 1019907.522789
 1019907.544748
 1019907.566321
 1019907.588226
 1019907.610053
 1019907.631627
 1019907.653092
 1019907.674619
 1019907.696234
 1019907.717478
 1019907.739251
 1019907.760588
 1019907.782400
 1019907.803733
 1019907.825202
 1019907.846664
 1019907.868423
 1019907.889953
 1019907.911850
 1019907.933011
 1019907.954882
 1019907.976393
 1019907.998142
 1019908.019996
 1019908.041816
 1019908.063202
 1019908.085035
 1019908.107174
 1019908.128943
 1019908.150856
 1019908.172462
 1019908.193722
 1019908.215346
 1019908.237481
 1019908.258903
 1019908.280314
 1019908.301584
 1019908.323051
 1019908.344565
 1019908.366154
 1019908.388217
 1019908.409974
 1019908.431416
 1019908.453025
 1019908.474377
 1019908.495617
 1019908.517045
 1019908.538875
 1019908.560369
 1019908.581738
 1019908.603735
 1019908.625310
 1019908.646507
 1019908.667942
 1019908.689717
 1019908.711145
 1019908.732378
 1019908.753958
 1019908.775236
 1019908.796728
 1019908.818483
 1019908.839600
 1019908.861165
 1019908.882654
 1019908.904365
 1019908.925965
 1019908.947650
 1019908.969425
 1019908.990830
 1019909.012454
 1019909.033912
 1019909.055137
 1019909.076598
 1019909.098671
 1019909.120465
 1019909.142231
 1019909.163636
 1019909.185175
 1019909.206764
 1019909.228430
 1019909.249900
 1019909.271189
 1019909.293324
 1019909.314784
 1019909.336093
 1019909.357559
 1019909.378920
 1019909.400247
 1019909.421952
 1019909.443450
 1019909.465155
 1019909.486351
 1019909.508337
 1019909.529804
 1019909.551610
 1019909.573590
 1019909.595181
 1019909.617025
 1019909.638660
 1019909.660251
 1019909.682047
 1019909.703660
 1019909.725469
 1019909.747029
 1019909.768306
 1019909.789659
 1019909.811116
 1019909.832558
 1019909.854168
 1019909.875875
 1019909.897351
 1019909.918443
 1019909.939947
 1019909.961494
 1019909.983481
 1019910.005202
 1019910.026085
 1019910.047878
 1019910.069355
 1019910.090600
 1019910.111999
 1019910.133162
 1019910.154666
 1019910.176184
 1019910.197770
 1019910.219268
 1019910.240574
 1019910.262058
 1019910.283387
 1019910.304660
 1019910.326393
 1019910.347965
 1019910.369229
 1019910.390831
 1019910.412167
 1019910.433579
 1019910.455007
 1019910.476871
 1019910.498034
 1019910.519168
 1019910.540999
 1019910.562388
 1019910.583773
 1019910.605036
 1019910.626417
 1019910.648080
 1019910.669351
 1019910.691599
 1019910.713168
 1019910.734546
 1019910.755983
 1019910.777152
 1019910.798858
 1019910.820522
 1019910.841719
 1019910.863190
 1019910.884858
 1019910.906576
 1019910.928120
 1019910.949643
 1019910.970800
 1019910.992711
 1019911.014286
 1019911.036133
 1019911.057716
 1019911.079361
 1019911.100951
 1019911.122854
 1019911.144433
 1019911.165872
 1019911.187657
 1019911.209182
 1019911.230598
 1019911.251751
 1019911.273158
 1019911.294546
 1019911.316359
 1019911.337742
 1019911.359311
 1019911.380859
 1019911.402073
 1019911.423389
 1019911.444916
 1019911.466465
 1019911.488060
 1019911.509634
 1019911.530996
 1019911.552622
 1019911.574474
 1019911.595673
 1019911.617525
 1019911.638779
 1019911.660165
 1019911.681839
 1019911.703421
 1019911.724919
 1019911.746364
 1019911.767845
 1019911.789239
 1019911.810931
 1019911.832659
 1019911.853997
 1019911.875278
 1019911.896597
 1019911.918055
 1019911.939142
 1019911.960842
 1019911.982233
 1019912.003664
 1019912.024948
 1019912.046373
 1019912.068232
 1019912.089763
 1019912.111080
 1019912.132531
 1019912.153720
 1019912.175302
 1019912.196601
 1019912.218091
 1019912.239285
 1019912.260307
 1019912.281956
 1019912.303387
 1019912.325077
 1019912.346489
 1019912.367869
 1019912.389397
 1019912.410668
 1019912.432143
 1019912.453558
 1019912.475059
 1019912.496360
 1019912.517352
 1019912.538552
 1019912.559944
 1019912.581220
 1019912.602560
 1019912.623657
 1019912.644843
 1019912.666355
 1019912.688028
 1019912.709694
 1019912.730983
 1019912.752435
 1019912.774023
 1019912.795379
 1019912.816707
 1019912.837876
 1019912.859431
 1019912.880678
 1019912.902177
 1019912.923501
 1019912.944662
 1019912.966143
 1019912.987491
 1019913.009000
 1019913.030166
 1019913.051700
 1019913.073391
 1019913.094553
 1019913.116168
 1019913.137594
 1019913.158910
 1019913.180524
 1019913.201811
 1019913.223037
 1019913.244494
 1019913.265923
 1019913.287610
 1019913.309188
 1019913.330756
 1019913.351969
 1019913.373276
 1019913.394824
 1019913.416833
 1019913.438302
 1019913.459755
 1019913.481281
 1019913.503089
 1019913.524630
 1019913.546472
 1019913.568057
 1019913.589492
 1019913.611305
 1019913.633209
 1019913.654784
 1019913.676317
 1019913.697526
 1019913.718981
 1019913.740346
 1019913.761641
 1019913.783213
 1019913.804488
 1019913.826092
 1019913.847499
 1019913.869020
 1019913.890280
 1019913.911803
 1019913.933430
 1019913.954825
 1019913.976461
 1019913.997686
 1019914.019332
 1019914.040924
 1019914.062149
 1019914.083684
 1019914.104942
 1019914.126025
 1019914.147593
 1019914.168871
 1019914.190669
 1019914.212097
 1019914.233547
 1019914.255144
 1019914.276619
 1019914.298506
 1019914.319961
 1019914.341114
 1019914.363076
 1019914.384252
 1019914.405737
 1019914.427357
 1019914.448784
 1019914.470255
 1019914.491531
 1019914.512966
 1019914.534079
 1019914.555417
 1019914.576757
 1019914.598001
 1019914.619356
 1019914.640438
 1019914.661925
 1019914.683033
 1019914.704804
 1019914.726423
 1019914.747844
 1019914.769310
 1019914.790629
 1019914.811802
 1019914.833183
 1019914.854421
 1019914.876003
 1019914.897178
 1019914.918687
 1019914.940828
 1019914.962255
 1019914.983544
 1019915.004774
 1019915.026208
 1019915.047537
 1019915.068548
 1019915.089732
 1019915.110581
 1019915.132302
 1019915.153765
 1019915.175167
 1019915.196482
 1019915.217747
 1019915.238986
 1019915.260255
 1019915.281786
 1019915.303327
 1019915.324903
 1019915.346234
 1019915.367561
 1019915.389043
 1019915.410374
 1019915.431799
 1019915.453498
 1019915.474753
 1019915.495944
 1019915.517276
 1019915.538272
 1019915.559811
 1019915.581345
 1019915.602484
 1019915.623980
 1019915.645719
 1019915.667159
 1019915.688429
 1019915.709830
 1019915.731253
 1019915.752589
 1019915.774117
 1019915.795739
 1019915.817348
 1019915.839001
 1019915.860265
 1019915.881416
 1019915.902412
 1019915.924200
 1019915.945901
 1019915.967256
 1019915.988756
 1019916.009896
 1019916.031395
 1019916.052742
 1019916.074015
 1019916.095789
 1019916.116944
 1019916.138643
 1019916.159936
 1019916.181506
 1019916.203360
 1019916.224587
 1019916.245877
 1019916.267656
 1019916.289110
 1019916.310442
 1019916.331538
 1019916.352773
 1019916.374188
 1019916.395430
 1019916.416875
 1019916.438386
 1019916.459631
 1019916.481069
 1019916.502350
 1019916.523829
 1019916.545397
 1019916.566991
 1019916.588076
 1019916.609691
 1019916.631257
 1019916.652813
 1019916.674397
 1019916.695598
 1019916.717493
 1019916.739149
 1019916.760614
 1019916.782072
 1019916.803395
 1019916.824949
 1019916.846046
 1019916.867576
 1019916.889181
 1019916.910524
 1019916.931613
 1019916.953341
 1019916.974996
 1019916.996060
 1019917.017222
 1019917.038554
 1019917.060085
 1019917.081467
 1019917.103340
 1019917.124385
 1019917.145556
 1019917.167012
 1019917.188290
 1019917.209676
 1019917.231133
 1019917.252765
 1019917.274139
 1019917.295730
 1019917.317465
 1019917.338454
 1019917.359609
 1019917.381020
 1019917.402414
 1019917.423819
 1019917.444786
 1019917.466112
 1019917.487332
 1019917.508988
 1019917.530540
 1019917.552306
 1019917.573809
 1019917.595713
 1019917.617459
 1019917.638553
 1019917.659529
 1019917.681103
 1019917.702163
 1019917.723522
 1019917.744981
 1019917.766440
 1019917.787923
 1019917.809720
 1019917.831351
 1019917.852703
 1019917.874057
 1019917.895111
 1019917.916312
 1019917.937776
 1019917.959153
 1019917.980469
 1019918.001703
 1019918.023091
 1019918.044721
 1019918.066383
 1019918.087758
 1019918.109249
 1019918.130166
 1019918.151316
 1019918.172540
 1019918.193861
 1019918.215331
 1019918.236474
 1019918.258328
 1019918.279523
 1019918.301004
 1019918.322170
 1019918.343519
 1019918.364803
 1019918.386080
 1019918.407330
 1019918.429086
 1019918.450739
 1019918.471878
 1019918.493180
 1019918.514983
 1019918.536596
 1019918.557853
 1019918.579023
 1019918.600215
 1019918.621770
 1019918.643029
 1019918.664392
 1019918.686131
 1019918.707697
 1019918.729058
 1019918.750196
 1019918.771482
 1019918.793107
 1019918.814411
 1019918.835610
 1019918.856841
 1019918.878157
 1019918.899549
 1019918.921111
 1019918.942209
 1019918.963767
 1019918.985557
 1019919.006668
 1019919.028046
 1019919.049241
 1019919.070519
 1019919.091690
 1019919.113646
 1019919.134928
 1019919.156248
 1019919.177349
 1019919.198446
 1019919.220127
 1019919.241213
 1019919.262633
 1019919.283762
 1019919.305056
 1019919.326640
 1019919.348223
 1019919.369342
 1019919.391190
 1019919.412400
 1019919.433437
 1019919.454781
 1019919.476228
 1019919.497433
 1019919.518628
 1019919.539841
 1019919.561330
 1019919.582807
 1019919.603851
 1019919.625200
 1019919.646349
 1019919.667670
 1019919.688842
 1019919.709892
 1019919.730949
 1019919.752611
 1019919.773803
 1019919.795145
 1019919.816516
 1019919.837766
 1019919.859080
 1019919.880453
 1019919.901556
 1019919.922781
 1019919.944274
 1019919.965302
 1019919.986317
 1019920.007788
 1019920.029026
 1019920.050626
 1019920.072276
 1019920.093512
 1019920.114535
 1019920.135957
 1019920.157391
 1019920.178645
 1019920.200098
 1019920.221271
 1019920.242878
 1019920.264044
 1019920.285267
 1019920.306503
 1019920.327517
 1019920.348625
 1019920.369785
 1019920.391403
 1019920.412481
 1019920.433620
 1019920.454846
 1019920.476017
 1019920.497486
 1019920.518749
 1019920.540137
 1019920.561677
 1019920.582917
 1019920.604125
 1019920.625570
 1019920.646936
 1019920.668300
 1019920.689237
 1019920.710338
 1019920.731562
 1019920.752854
 1019920.774073
 1019920.795403
 1019920.816979
 1019920.838193
 1019920.859607
 1019920.880590
 1019920.901874
 1019920.922935
 1019920.944277
 1019920.965337
 1019920.987039
 1019921.008240
 1019921.029105
 1019921.050247
 1019921.071544
 1019921.093144
 1019921.114505
 1019921.135771
 1019921.157161
 1019921.178046
 1019921.199431
 1019921.220666
 1019921.242012
 1019921.263373
 1019921.284608
 1019921.305761
 1019921.327142
 1019921.348100
 1019921.369637
 1019921.390790
 1019921.412131
 1019921.433505
 1019921.454637
 1019921.475792
 1019921.497210
 1019921.518345
 1019921.539784
 1019921.560925
 1019921.582011
 1019921.602925
 1019921.624242
 1019921.645576
 1019921.666656
 1019921.687988
 1019921.709183
 1019921.730920
 1019921.752089
 1019921.773266
 1019921.794371
 1019921.815441
 1019921.837116
 1019921.858331
 1019921.879785
 1019921.901225
 1019921.922614
 1019921.943766
 1019921.965303
 1019921.987186
 1019922.008666
 1019922.030012
 1019922.051284
 1019922.072631
 1019922.094120
 1019922.115450
 1019922.136797
 1019922.158010
 1019922.179294
 1019922.201159
 1019922.222245
 1019922.243613
 1019922.265076
 1019922.286341
 1019922.307749
 1019922.329271
 1019922.350666
 1019922.372042
 1019922.393421
 1019922.414341
 1019922.435619
 1019922.456722
 1019922.478106
 1019922.499172
 1019922.520291
 1019922.541579
 1019922.562865
 1019922.584265
 1019922.606126
 1019922.627724
 1019922.648794
 1019922.670262
 1019922.691528
 1019922.712780
 1019922.734048
 1019922.755468
 1019922.776795
 1019922.798200
 1019922.819272
 1019922.840773
 1019922.862147
 1019922.883327
 1019922.904467
 1019922.925659
 1019922.946848
 1019922.968029
 1019922.989192
 1019923.010249
 1019923.031695
 1019923.052905
 1019923.073879
 1019923.095001
 1019923.116652
 1019923.137878
 1019923.158941
 1019923.180425
 1019923.201554
 1019923.223162
 1019923.244632
 1019923.265752
 1019923.287073
 1019923.308195
 1019923.329282
 1019923.350510
 1019923.371643
 1019923.392558
 1019923.413699
 1019923.434964
 1019923.456156
 1019923.477296
 1019923.498334
 1019923.519422
 1019923.540541
 1019923.561994
 1019923.583052
 1019923.604240
 1019923.625581
 1019923.646900
 1019923.668156
 1019923.689390
 1019923.711026
 1019923.732268
 1019923.753864
 1019923.774863
 1019923.796161
 1019923.817138
 1019923.838527
 1019923.859697
 1019923.881127
 1019923.902204
 1019923.923415
 1019923.944407
 1019923.965461
 1019923.986676
 1019924.007814
 1019924.028892
 1019924.050271
 1019924.071633
 1019924.093433
 1019924.114827
 1019924.136697
 1019924.158174
 1019924.179279
 1019924.200247
 1019924.221424
 1019924.242557
 1019924.263707
 1019924.285003
 1019924.306326
 1019924.328074
 1019924.349417
 1019924.370751
 1019924.391790
 1019924.413097
 1019924.434119
 1019924.455566
 1019924.476898
 1019924.498128
 1019924.519661
 1019924.540959
 1019924.562329
 1019924.583329
 1019924.605041
 1019924.625994
 1019924.646694
 1019924.667999
 1019924.689245
 1019924.710488
 1019924.731722
 1019924.753076
 1019924.774562
 1019924.795915
 1019924.817391
 1019924.838651
 1019924.859914
 1019924.880803
 1019924.901959
 1019924.922978
 1019924.944023
 1019924.965183
 1019924.986263
 1019925.007378
 1019925.028505
 1019925.049623
 1019925.070578
 1019925.091661
 1019925.113087
 1019925.134176
 1019925.155641
 1019925.176515
 1019925.197350
 1019925.218731
 1019925.239763
 1019925.260914
 1019925.282123
 1019925.303438
 1019925.324365
 1019925.345618
 1019925.366891
 1019925.387875
 1019925.408962
 1019925.430345
 1019925.451360
 1019925.472514
 1019925.493532
 1019925.514637
 1019925.535694
 1019925.557482
 1019925.578413
 1019925.599325
 1019925.620337
 1019925.641517
 1019925.662807
 1019925.683672
 1019925.704728
 1019925.725541
 1019925.747011
 1019925.768180
 1019925.789598
 1019925.810678
 1019925.831759
 1019925.853215
 1019925.874357
 1019925.895221
 1019925.916140
 1019925.937315
 1019925.958392
 1019925.979606
 1019926.000934
 1019926.022451
 1019926.043682
 1019926.065219
 1019926.086305
 1019926.107555
 1019926.128776
 1019926.149729
 1019926.171256
 1019926.192434
 1019926.213412
 1019926.234346
 1019926.255537
 1019926.276484
 1019926.298035
 1019926.319436
 1019926.340800
 1019926.362137
 1019926.383554
 1019926.404811
 1019926.425997
 1019926.447138
 1019926.468588
 1019926.489675
 1019926.510741
 1019926.531883
 1019926.553274
 1019926.574539
 1019926.595830
 1019926.617155
 1019926.638247
 1019926.659174
 1019926.680252
 1019926.701476
 1019926.722813
 1019926.743788
 1019926.764908
 1019926.786466
 1019926.807725
 1019926.828745
 1019926.850114
 1019926.871164
 1019926.892138
 1019926.913286
 1019926.934733
 1019926.955465
 1019926.976406
 1019926.997505
 1019927.018666
 1019927.039530
 1019927.060867
 1019927.082030
 1019927.103318
 1019927.124522
 1019927.145683
 1019927.166477
 1019927.187414
 1019927.208410
 1019927.229909
 1019927.251147
 1019927.272223
 1019927.293646
 1019927.314724
 1019927.335915
 1019927.356914
 1019927.378307
 1019927.399693
 1019927.420721
 1019927.441650
 1019927.462502
 1019927.483840
 1019927.504777
 1019927.526028
 1019927.547348
 1019927.568336
 1019927.589283
 1019927.610446
 1019927.631735
 1019927.652815
 1019927.673894
 1019927.695104
 1019927.716545
 1019927.737564
 1019927.758651
 1019927.779733
 1019927.800902
 1019927.821916
 1019927.843034
 1019927.864087
 1019927.885750
 1019927.906754
 1019927.927603
 1019927.949012
 1019927.970142
 1019927.991400
 1019928.012850
 1019928.034462
 1019928.055604
 1019928.077280
 1019928.098355
 1019928.119949
 1019928.141575
 1019928.163002
 1019928.184203
 1019928.205472
 1019928.226939
 1019928.248452
 1019928.269671
 1019928.291329
 1019928.312702
 1019928.333958
 1019928.355123
 1019928.376652
 1019928.398029
 1019928.419193
 1019928.440208
 1019928.461448
 1019928.482594
 1019928.503761
 1019928.525114
 1019928.546242
 1019928.567326
 1019928.588532
 1019928.609783
 1019928.631277
 1019928.652368
 1019928.673822
 1019928.694683
 1019928.715991
 1019928.737099
 1019928.758231
 1019928.779822
 1019928.800972
 1019928.822508
 1019928.843818
 1019928.864688
 1019928.885758
 1019928.906618
 1019928.928237
 1019928.949384
 1019928.970232
 1019928.991555
 1019929.012629
 1019929.033880
 1019929.055326
 1019929.076708
 1019929.098069
 1019929.119183
 1019929.140442
 1019929.161415
 1019929.182853
 1019929.204349
 1019929.225338
 1019929.246547
 1019929.267783
 1019929.288873
 1019929.310163
 1019929.331568
 1019929.352622
 1019929.373557
 1019929.394509
 1019929.415442
 1019929.436653
 1019929.457868
 1019929.478710
 1019929.499977
 1019929.521360
 1019929.542587
 1019929.563735
 1019929.584627
 1019929.605862
 1019929.627142
 1019929.648601
 1019929.670038
 1019929.691382
 1019929.712515
 1019929.733376
 1019929.754392
 1019929.775542
 1019929.796780
 1019929.817987
 1019929.839052
 1019929.860264
 1019929.881082
 1019929.902268
 1019929.923422
 1019929.944463
 1019929.965715
 1019929.987022
 1019930.008273
 1019930.029737
 1019930.050715
 1019930.071839
 1019930.093005
 1019930.113963
 1019930.135408
 1019930.156429
 1019930.177388
 1019930.198547
 1019930.219642
 1019930.240590
 1019930.261835
 1019930.282978
 1019930.304096
 1019930.325449
 1019930.346451
 1019930.367880
 1019930.389020
 1019930.409799
 1019930.430798
 1019930.452175
 1019930.473278
 1019930.494455
 1019930.515635
 1019930.536936
 1019930.557963
 1019930.579269
 1019930.600223
 1019930.621400
 1019930.642753
 1019930.663913
 1019930.684992
 1019930.706381
 1019930.727487
 1019930.748893
 1019930.770206
 1019930.791695
 1019930.812756
 1019930.834127
 1019930.855077
 1019930.876412
 1019930.897911
 1019930.918862
 1019930.940013
 1019930.961160
 1019930.982301
 1019931.003480
 1019931.024362
 1019931.045610
 1019931.066703
 1019931.088194
 1019931.109296
 1019931.130346
 1019931.151721
 1019931.172772
 1019931.194153
 1019931.215370
 1019931.236587
 1019931.257753
 1019931.279030
 1019931.300013
 1019931.321307
 1019931.342187
 1019931.363631
 1019931.384416
 1019931.405740
 1019931.426893
 1019931.448011
 1019931.469228
 1019931.490759
 1019931.512117
 1019931.533248
 1019931.554431
 1019931.575423
 1019931.596385
 1019931.617590
 1019931.638557
 1019931.659709
 1019931.680662
 1019931.701978
 1019931.723100
 1019931.744590
 1019931.765992
 1019931.787063
 1019931.808569
 1019931.829699
 1019931.850884
 1019931.872322
 1019931.893649
 1019931.914774
 1019931.936077
 1019931.957182
 1019931.978823
 1019931.999852
 1019932.020990
 1019932.042508
 1019932.063975
 1019932.085374
 1019932.106589
 1019932.127958
 1019932.149467
 1019932.170502
 1019932.191512
 1019932.212678
 1019932.233757
 1019932.254594
 1019932.275707
 1019932.296657
 1019932.317797
 1019932.338926
 1019932.360041
 1019932.381599
 1019932.403036
 1019932.423906
 1019932.445075
 1019932.465956
 1019932.487261
 1019932.508362
 1019932.529703
 1019932.551069
 1019932.572115
 1019932.593541
 1019932.614664
 1019932.635975
 1019932.657464
 1019932.678982
 1019932.700183
 1019932.721410
 1019932.742566
 1019932.763885
 1019932.785496
 1019932.807146
 1019932.828120
 1019932.849558
 1019932.870605
 1019932.891508
 1019932.912683
 1019932.933656
 1019932.954720
 1019932.975796
 1019932.997080
 1019933.018043
 1019933.039216
 1019933.060462
 1019933.081419
 1019933.102652
 1019933.123713
 1019933.144964
 1019933.166251
 1019933.187123
 1019933.208348
 1019933.229692
 1019933.250524
 1019933.271943
 1019933.293152
 1019933.314452
 1019933.335193
 1019933.356310
 1019933.377429
 1019933.398430
 1019933.419520
 1019933.440563
 1019933.461525
 1019933.482879
 1019933.504193
 1019933.525481
 1019933.546794
 1019933.568031
 1019933.589224
 1019933.610664
 1019933.631641
 1019933.652691
 1019933.673874
 1019933.694827
 1019933.715936
 1019933.737208
 1019933.758347
 1019933.866865
 1019934.036351
 1019934.202220
 1019934.380267
 1019934.573010
 1019934.753113
 1019934.959739
 1019935.176129
 1019935.355969
 1019935.552126
 1019935.767640
 1019935.938844
 1019936.173387
 1019936.364468
 1019936.553174
 1019936.764407
 1019936.934525
 1019937.135128
 1019937.352757
 1019937.522923
 1019937.781122
 1019937.979938
 1019938.168725
 1019938.388022
 1019938.593347
 1019938.783961
 1019938.980388
 1019939.162270
 1019939.366813
 1019939.570891
 1019939.746621
 1019939.960032
 1019940.164832
 1019940.339722
 1019940.529196
 1019940.745745
 1019940.932755
 1019941.121628
 1019941.353778
 1019941.540798
 1019941.822899
 1019942.023863
 1019942.207733
 1019942.387896
 1019942.587934
 1019942.767683
 1019942.999121
 1019943.198820
 1019943.394339
 1019943.581371
 1019943.752707
 1019943.928070
 1019944.133251
 1019944.315319
 1019944.501865
 1019944.714836
 1019944.906281
 1019945.098871
 1019945.314229
 1019945.484991
 1019945.694284
 1019945.910355
 1019946.100798
 1019946.283322
 1019946.503043
 1019946.696306
 1019946.866162
 1019947.041944
 1019947.214466
 1019947.411477
 1019947.609657
 1019947.787905
 1019947.971877
 1019948.217512
 1019948.397763
 1019948.589709
 1019948.820184
 1019949.018824
 1019949.224925
 1019949.441087
 1019949.625292
 1019949.814998
 1019949.991849
 1019950.203064
 1019950.386410
 1019950.636674
 1019950.816657
 1019951.005007
 1019951.177064
 1019951.352389
 1019951.528164
 1019951.778744
 1019951.964103
 1019952.185332
 1019952.370537
 1019952.566230
 1019952.798294
 1019952.985062
 1019953.176480
 1019953.384923
 1019953.587923
 1019953.763560
 1019953.975295
 1019954.174349
 1019954.339302
 1019954.559397
 1019954.748841
 1019954.947196
 1019955.162159
 1019955.357987
 1019955.537347
 1019955.705356
 1019955.890435
 1019956.058420
 1019956.283751
 1019956.460927
 1019956.644719
 1019956.886199
 1019957.071428
 1019957.239960
 1019957.465631
 1019957.651485
 1019957.834158
 1019958.015540
 1019958.203908
 1019958.391746
 1019958.635441
 1019958.822994
 1019959.016186
 1019959.221802
 1019959.411556
 1019959.580808
 1019959.816006
 1019959.991996
 1019960.168974
 1019960.370727
 1019960.542837
 1019960.721869
 1019960.947758
 1019961.132389
 1019961.312219
 1019961.561634
 1019961.731069
 1019961.904443
 1019962.135664
 1019962.306374
 1019962.484999
 1019962.657929
 1019962.856175
 1019963.040072
 1019963.261879
 1019963.444104
 1019963.616567
 1019963.825986
 1019964.019835
 1019964.196086
 1019964.402799
 1019964.564698
 1019964.758373
 1019964.938893
 1019965.109008
 1019965.281774
 1019965.515100
 1019965.694238
 1019965.870233
 1019966.102222
 1019966.292151
 1019966.476456
 1019966.650551
 1019966.825737
 1019966.993811
 1019967.207593
 1019967.389521
 1019967.598957
 1019967.804340
 1019967.985787
 1019968.186881
 1019968.439504
 1019968.622147
 1019968.802277
 1019969.011294
 1019969.209107
 1019969.391518
 1019969.631347
 1019969.799318
 1019969.996639
 1019970.168257
 1019970.352596
 1019970.528220
 1019970.734624
 1019970.913599
 1019971.095364
 1019971.297060
 1019971.471723
 1019971.648842
 1019971.821599
 1019972.002843
 1019972.186315
 1019972.406638
 1019972.602192
 1019972.785430
 1019973.016457
 1019973.194945
 1019973.374207
 1019973.570312
 1019973.744810
 1019973.936596
 1019974.142585
 1019974.313329
 1019974.510370
 1019974.708031
 1019974.900461
 1019975.080111
 1019975.318183
 1019975.503719
 1019975.709010
 1019975.936903
 1019976.113929
 1019976.285887
 1019976.501875
 1019976.673850
 1019976.856332
 1019977.052959
 1019977.235662
 1019977.418551
 1019977.653854
 1019977.850504
 1019978.020437
 1019978.194673
 1019978.370260
 1019978.548137
 1019978.771648
 1019978.945220
 1019979.109546
 1019979.340537
 1019979.505825
 1019979.696547
 1019979.933515
 1019980.122557
 1019980.300053
 1019980.509008
 1019980.670713
 1019980.843922
 1019981.055079
 1019981.227636
 1019981.413896
 1019981.584740
 1019981.779188
 1019981.968930
 1019982.188292
 1019982.376794
 1019982.558628
 1019982.766914
 1019982.976520
 1019983.161231
 1019983.354379
 1019983.549165
 1019983.740212
 1019983.947056
 1019984.123389
 1019984.306207
 1019984.531564
 1019984.742698
 1019984.923124
 1019985.096223
 1019985.270712
 1019985.434623
 1019985.604627
 1019985.765637
 1019985.930326
 1019986.093886
 1019986.266720
 1019986.448672
 1019986.627495
 1019986.806047
 1019986.976826
 1019987.144492
 1019987.308169
 1019987.468921
 1019987.631917
 1019987.801669
 1019987.978802
 1019988.155025
 1019988.318197
 1019988.475356
 1019988.644460
 1019988.786245
 1019988.933751
 1019989.090502
 1019989.252969
 1019989.413350
 1019989.566588
 1019989.715194
 1019989.861031
 1019990.014985
 1019990.168973
 1019990.336311
 1019990.478481
 1019990.633958
 1019990.770910
 1019990.910921
 1019991.037806
 1019991.155821
 1019991.277665
 1019991.397851
 1019991.502466
 1019991.601784
 1019991.689737
 1019991.776238
 1019991.853701
 1019991.922627
 1019991.960496
 1019991.989055
