 1026157.700683
 1026157.735548
 1026157.775592
 1026157.806434
 1026157.848578
 1026157.875420
 1026157.903532
 1026157.929766
 1026157.961170
 1026158.005564
 1026158.035820
 1026158.064407
 1026158.092348
 1026158.121593
 1026158.149902
 1026158.176027
 1026158.205346
 1026158.239888
 1026158.281966
 1026158.332031
 1026158.363862
 1026158.392316
 1026158.421432
 1026158.449671
 1026158.477431
 1026158.505603
 1026158.534206
 1026158.562779
 1026158.592651
 1026158.622074
 1026158.650202
 1026158.680163
 1026158.707769
 1026158.735550
 1026158.764377
 1026158.809397
 1026158.843434
 1026158.887365
 1026158.935227
 1026158.989497
 1026159.021621
 1026159.054422
 1026159.084251
 1026159.114335
 1026159.143602
 1026159.173103
 1026159.201955
 1026159.230367
 1026159.260125
 1026159.289619
 1026159.320545
 1026159.351252
 1026159.380671
 1026159.411792
 1026159.442023
 1026159.470733
 1026159.501300
 1026159.529603
 1026159.559575
 1026159.591110
 1026159.622841
 1026159.653241
 1026159.683598
 1026159.712171
 1026159.740880
 1026159.769420
 1026159.800458
 1026159.831496
 1026159.864871
 1026159.898277
 1026159.931528
 1026159.970331
 1026160.012880
 1026160.055364
 1026160.101013
 1026160.150527
 1026160.199673
 1026160.242431
 1026160.290749
 1026160.335624
 1026160.377851
 1026160.412590
 1026160.449260
 1026160.486431
 1026160.517540
 1026160.546397
 1026160.576980
 1026160.608086
 1026160.638741
 1026160.669280
 1026160.701425
 1026160.731921
 1026160.760345
 1026160.791084
 1026160.822469
 1026160.852123
 1026160.882854
 1026160.914243
 1026160.944498
 1026160.975709
 1026161.007632
 1026161.040390
 1026161.070780
 1026161.103250
 1026161.133236
 1026161.166261
 1026161.197382
 1026161.227748
 1026161.257314
 1026161.288052
 1026161.319989
 1026161.349269
 1026161.379054
 1026161.411342
 1026161.442643
 1026161.472932
 1026161.503820
 1026161.534358
 1026161.566146
 1026161.595667
 1026161.625992
 1026161.658676
 1026161.689721
 1026161.719976
 1026161.750825
 1026161.781817
 1026161.810705
 1026161.841630
 1026161.872645
 1026161.902581
 1026161.934592
 1026161.965010
 1026161.998622
 1026162.027831
 1026162.062031
 1026162.093545
 1026162.129494
 1026162.162148
 1026162.200183
 1026162.237360
 1026162.274393
 1026162.317352
 1026162.357332
 1026162.396827
 1026162.438902
 1026162.485950
 1026162.526446
 1026162.569129
 1026162.619232
 1026162.661482
 1026162.710855
 1026162.761294
 1026162.807677
 1026162.861508
 1026162.916271
 1026162.962384
 1026163.018420
 1026163.059092
 1026163.110073
 1026163.154840
 1026163.197600
 1026163.237922
 1026163.280663
 1026163.317159
 1026163.355352
 1026163.391630
 1026163.425492
 1026163.466695
 1026163.497422
 1026163.529246
 1026163.563287
 1026163.597469
 1026163.628823
 1026163.660192
 1026163.693057
 1026163.726953
 1026163.759066
 1026163.790834
 1026163.822245
 1026163.853594
 1026163.885546
 1026163.918338
 1026163.951869
 1026163.988204
 1026164.021445
 1026164.054775
 1026164.086752
 1026164.119093
 1026164.152759
 1026164.184443
 1026164.218046
 1026164.251988
 1026164.284767
 1026164.319736
 1026164.352323
 1026164.387715
 1026164.419587
 1026164.453678
 1026164.487182
 1026164.520084
 1026164.553230
 1026164.586030
 1026164.618151
 1026164.653592
 1026164.687670
 1026164.721010
 1026164.754326
 1026164.789039
 1026164.822227
 1026164.857029
 1026164.889215
 1026164.921165
 1026164.954083
 1026164.987765
 1026165.019844
 1026165.055232
 1026165.088200
 1026165.123231
 1026165.156744
 1026165.190992
 1026165.224792
 1026165.260244
 1026165.294408
 1026165.327647
 1026165.362683
 1026165.397622
 1026165.430909
 1026165.464305
 1026165.495603
 1026165.532187
 1026165.564949
 1026165.599719
 1026165.633323
 1026165.666477
 1026165.701985
 1026165.736805
 1026165.770665
 1026165.804567
 1026165.839823
 1026165.873742
 1026165.910393
 1026165.944013
 1026165.977394
 1026166.008503
 1026166.042540
 1026166.077230
 1026166.111138
 1026166.144738
 1026166.180384
 1026166.217974
 1026166.249626
 1026166.285510
 1026166.319147
 1026166.351495
 1026166.387171
 1026166.423022
 1026166.459491
 1026166.491973
 1026166.524504
 1026166.556545
 1026166.590157
 1026166.624674
 1026166.658820
 1026166.692970
 1026166.727402
 1026166.761121
 1026166.794966
 1026166.827821
 1026166.865032
 1026166.895742
 1026166.932084
 1026166.969158
 1026167.006465
 1026167.044216
 1026167.080347
 1026167.117349
 1026167.160647
 1026167.202136
 1026167.239629
 1026167.282371
 1026167.321196
 1026167.361454
 1026167.404970
 1026167.447370
 1026167.489565
 1026167.531881
 1026167.569011
 1026167.610440
 1026167.657896
 1026167.703170
 1026167.745175
 1026167.788320
 1026167.838663
 1026167.884931
 1026167.935989
 1026167.984568
 1026168.030471
 1026168.079129
 1026168.131009
 1026168.173634
 1026168.219731
 1026168.269280
 1026168.318554
 1026168.366447
 1026168.413650
 1026168.467675
 1026168.528280
 1026168.576433
 1026168.624905
 1026168.675703
 1026168.715838
 1026168.758616
 1026168.813618
 1026168.859359
 1026168.913878
 1026168.968706
 1026169.009839
 1026169.062729
 1026169.106478
 1026169.154651
 1026169.198466
 1026169.246880
 1026169.284753
 1026169.323921
 1026169.366339
 1026169.406727
 1026169.447477
 1026169.492417
 1026169.537463
 1026169.582235
 1026169.619667
 1026169.659000
 1026169.697511
 1026169.734968
 1026169.767616
 1026169.809723
 1026169.844449
 1026169.881952
 1026169.918756
 1026169.953984
 1026169.995546
 1026170.032058
 1026170.068542
 1026170.103611
 1026170.138870
 1026170.175576
 1026170.211701
 1026170.247404
 1026170.284477
 1026170.320095
 1026170.359158
 1026170.392563
 1026170.427590
 1026170.460363
 1026170.495893
 1026170.530755
 1026170.566378
 1026170.601321
 1026170.636130
 1026170.671126
 1026170.705636
 1026170.741314
 1026170.773339
 1026170.808919
 1026170.846643
 1026170.878634
 1026170.912052
 1026170.945251
 1026170.979731
 1026171.014779
 1026171.050529
 1026171.082794
 1026171.115062
 1026171.148571
 1026171.181949
 1026171.217641
 1026171.254112
 1026171.290767
 1026171.324373
 1026171.360736
 1026171.394385
 1026171.428802
 1026171.464932
 1026171.500070
 1026171.534237
 1026171.569334
 1026171.606698
 1026171.641136
 1026171.675755
 1026171.710983
 1026171.746720
 1026171.783251
 1026171.820012
 1026171.855797
 1026171.892456
 1026171.927709
 1026171.962995
 1026171.997746
 1026172.034815
 1026172.069437
 1026172.105367
 1026172.141056
 1026172.175359
 1026172.209803
 1026172.245771
 1026172.278892
 1026172.312812
 1026172.349523
 1026172.383863
 1026172.418480
 1026172.454123
 1026172.489333
 1026172.524131
 1026172.558555
 1026172.593526
 1026172.630146
 1026172.663762
 1026172.697222
 1026172.734149
 1026172.769410
 1026172.806512
 1026172.840236
 1026172.875266
 1026172.911560
 1026172.949633
 1026172.986842
 1026173.021209
 1026173.057027
 1026173.093546
 1026173.131230
 1026173.166819
 1026173.202281
 1026173.237263
 1026173.273017
 1026173.308042
 1026173.343575
 1026173.378893
 1026173.414251
 1026173.448412
 1026173.482433
 1026173.518149
 1026173.553060
 1026173.588042
 1026173.622695
 1026173.658540
 1026173.692404
 1026173.726146
 1026173.761448
 1026173.796804
 1026173.831658
 1026173.866831
 1026173.902573
 1026173.934857
 1026173.971500
 1026174.005615
 1026174.039033
 1026174.075204
 1026174.111190
 1026174.145885
 1026174.179329
 1026174.213969
 1026174.249396
 1026174.283733
 1026174.318717
 1026174.353759
 1026174.388136
 1026174.425391
 1026174.459012
 1026174.494424
 1026174.530873
 1026174.565797
 1026174.600004
 1026174.634829
 1026174.667701
 1026174.704173
 1026174.738129
 1026174.774752
 1026174.809615
 1026174.844382
 1026174.878542
 1026174.915535
 1026174.953204
 1026174.987715
 1026175.021240
 1026175.053639
 1026175.091995
 1026175.126741
 1026175.162455
 1026175.197449
 1026175.233409
 1026175.269052
 1026175.305717
 1026175.338768
 1026175.373621
 1026175.410497
 1026175.446476
 1026175.484479
 1026175.520527
 1026175.557383
 1026175.591549
 1026175.624776
 1026175.659595
 1026175.697315
 1026175.734478
 1026175.769897
 1026175.804518
 1026175.837258
 1026175.872984
 1026175.911088
 1026175.948590
 1026175.984938
 1026176.020474
 1026176.056506
 1026176.094080
 1026176.130187
 1026176.164416
 1026176.198844
 1026176.238951
 1026176.276328
 1026176.312473
 1026176.351586
 1026176.386082
 1026176.420793
 1026176.456083
 1026176.491110
 1026176.528871
 1026176.567635
 1026176.606295
 1026176.640815
 1026176.677370
 1026176.718032
 1026176.753812
 1026176.795765
 1026176.833740
 1026176.866459
 1026176.903409
 1026176.938734
 1026176.979990
 1026177.012291
 1026177.050393
 1026177.091000
 1026177.135215
 1026177.177256
 1026177.214297
 1026177.253102
 1026177.289559
 1026177.330776
 1026177.368999
 1026177.409692
 1026177.448867
 1026177.489381
 1026177.534328
 1026177.568109
 1026177.607505
 1026177.650803
 1026177.695894
 1026177.735196
 1026177.774854
 1026177.814849
 1026177.853326
 1026177.894866
 1026177.936900
 1026177.981221
 1026178.022400
 1026178.060206
 1026178.104496
 1026178.145982
 1026178.185685
 1026178.232450
 1026178.276629
 1026178.321032
 1026178.371739
 1026178.426919
 1026178.475301
 1026178.521004
 1026178.564511
 1026178.612639
 1026178.660733
 1026178.699565
 1026178.748528
 1026178.805795
 1026178.847124
 1026178.900812
 1026178.942407
 1026178.990022
 1026179.039578
 1026179.084314
 1026179.130527
 1026179.172120
 1026179.215232
 1026179.260710
 1026179.303972
 1026179.359773
 1026179.410054
 1026179.462833
 1026179.519336
 1026179.568881
 1026179.609976
 1026179.657726
 1026179.703550
 1026179.750276
 1026179.803323
 1026179.847792
 1026179.900056
 1026179.946188
 1026179.998724
 1026180.051576
 1026180.112298
 1026180.164481
 1026180.215257
 1026180.264332
 1026180.315966
 1026180.373351
 1026180.427199
 1026180.480295
 1026180.534321
 1026180.579015
 1026180.635329
 1026180.688312
 1026180.740229
 1026180.782824
 1026180.831657
 1026180.895000
 1026180.949423
 1026180.996114
 1026181.048224
 1026181.105500
 1026181.157279
 1026181.203683
 1026181.254892
 1026181.300090
 1026181.349170
 1026181.402988
 1026181.453897
 1026181.509296
 1026181.557541
 1026181.599084
 1026181.643122
 1026181.688438
 1026181.734564
 1026181.779138
 1026181.825838
 1026181.877415
 1026181.921500
 1026181.965578
 1026182.009503
 1026182.058292
 1026182.106186
 1026182.151989
 1026182.195322
 1026182.238284
 1026182.278618
 1026182.318033
 1026182.363849
 1026182.403942
 1026182.449557
 1026182.494374
 1026182.532539
 1026182.572298
 1026182.614596
 1026182.656323
 1026182.703157
 1026182.743673
 1026182.783428
 1026182.830063
 1026182.869021
 1026182.909408
 1026182.950887
 1026182.990125
 1026183.029135
 1026183.065743
 1026183.105448
 1026183.144302
 1026183.184392
 1026183.223584
 1026183.260334
 1026183.302477
 1026183.342481
 1026183.381922
 1026183.421064
 1026183.461602
 1026183.503318
 1026183.541625
 1026183.578090
 1026183.615057
 1026183.658943
 1026183.697277
 1026183.736712
 1026183.774511
 1026183.813681
 1026183.850128
 1026183.889683
 1026183.929322
 1026183.965883
 1026184.001351
 1026184.039931
 1026184.078655
 1026184.114167
 1026184.151671
 1026184.188694
 1026184.226272
 1026184.266200
 1026184.304815
 1026184.341327
 1026184.378299
 1026184.414674
 1026184.453943
 1026184.491137
 1026184.528008
 1026184.563112
 1026184.596673
 1026184.637716
 1026184.675898
 1026184.710012
 1026184.745056
 1026184.780531
 1026184.817048
 1026184.852066
 1026184.890547
 1026184.925923
 1026184.963650
 1026184.999798
 1026185.035295
 1026185.072639
 1026185.112066
 1026185.149262
 1026185.186924
 1026185.223455
 1026185.260393
 1026185.300067
 1026185.335262
 1026185.372995
 1026185.409505
 1026185.445803
 1026185.482545
 1026185.518791
 1026185.556599
 1026185.591432
 1026185.628673
 1026185.668289
 1026185.704744
 1026185.740992
 1026185.775886
 1026185.814210
 1026185.853276
 1026185.889722
 1026185.927164
 1026185.966497
 1026186.000680
 1026186.038148
 1026186.074423
 1026186.111220
 1026186.148038
 1026186.186875
 1026186.223193
 1026186.259976
 1026186.297577
 1026186.335883
 1026186.373900
 1026186.410550
 1026186.447890
 1026186.484805
 1026186.522236
 1026186.558014
 1026186.599074
 1026186.638005
 1026186.674218
 1026186.711558
 1026186.748673
 1026186.785982
 1026186.822926
 1026186.860959
 1026186.899139
 1026186.938058
 1026186.977014
 1026187.014926
 1026187.053616
 1026187.092062
 1026187.129679
 1026187.164905
 1026187.200474
 1026187.238769
 1026187.276940
 1026187.314552
 1026187.352043
 1026187.391092
 1026187.429316
 1026187.466826
 1026187.505479
 1026187.543043
 1026187.581614
 1026187.617531
 1026187.655661
 1026187.693931
 1026187.732586
 1026187.770626
 1026187.807543
 1026187.844206
 1026187.880149
 1026187.916897
 1026187.956295
 1026187.994200
 1026188.034131
 1026188.073145
 1026188.111797
 1026188.148248
 1026188.186082
 1026188.224588
 1026188.260550
 1026188.298403
 1026188.335401
 1026188.372541
 1026188.408499
 1026188.446550
 1026188.483377
 1026188.520172
 1026188.558857
 1026188.595821
 1026188.632171
 1026188.667632
 1026188.704470
 1026188.743354
 1026188.781358
 1026188.822944
 1026188.861209
 1026188.898579
 1026188.935177
 1026188.971836
 1026189.008341
 1026189.045757
 1026189.080005
 1026189.116426
 1026189.154344
 1026189.193039
 1026189.229098
 1026189.266237
 1026189.303090
 1026189.338828
 1026189.374738
 1026189.413397
 1026189.448718
 1026189.487993
 1026189.525854
 1026189.563538
 1026189.598861
 1026189.633822
 1026189.671493
 1026189.712743
 1026189.750758
 1026189.786601
 1026189.823281
 1026189.863423
 1026189.900107
 1026189.936634
 1026189.973731
 1026190.011904
 1026190.053237
 1026190.090289
 1026190.127774
 1026190.166278
 1026190.205276
 1026190.242959
 1026190.280636
 1026190.317497
 1026190.356469
 1026190.396137
 1026190.435555
 1026190.471648
 1026190.508996
 1026190.549308
 1026190.586643
 1026190.624133
 1026190.663672
 1026190.701731
 1026190.742560
 1026190.782330
 1026190.822174
 1026190.859519
 1026190.898708
 1026190.936912
 1026190.974853
 1026191.011360
 1026191.050158
 1026191.088220
 1026191.126445
 1026191.167652
 1026191.205882
 1026191.243525
 1026191.280912
 1026191.319700
 1026191.356500
 1026191.396135
 1026191.434610
 1026191.474639
 1026191.512670
 1026191.547147
 1026191.583241
 1026191.621291
 1026191.657099
 1026191.694763
 1026191.734139
 1026191.772462
 1026191.810644
 1026191.847380
 1026191.887293
 1026191.922780
 1026191.959860
 1026191.998894
 1026192.039119
 1026192.076147
 1026192.113908
 1026192.149967
 1026192.187794
 1026192.227252
 1026192.265605
 1026192.302835
 1026192.339483
 1026192.378855
 1026192.416490
 1026192.455922
 1026192.492634
 1026192.532983
 1026192.570454
 1026192.608522
 1026192.647160
 1026192.685905
 1026192.722746
 1026192.763286
 1026192.800399
 1026192.838526
 1026192.878177
 1026192.914354
 1026192.952067
 1026192.991766
 1026193.029084
 1026193.067712
 1026193.103935
 1026193.143452
 1026193.181910
 1026193.221250
 1026193.258511
 1026193.297333
 1026193.334860
 1026193.374184
 1026193.413238
 1026193.450783
 1026193.487735
 1026193.525093
 1026193.564119
 1026193.600726
 1026193.639839
 1026193.675749
 1026193.714094
 1026193.754422
 1026193.794906
 1026193.834292
 1026193.873556
 1026193.913622
 1026193.952294
 1026193.991142
 1026194.028509
 1026194.068858
 1026194.106499
 1026194.144443
 1026194.182121
 1026194.221046
 1026194.258222
 1026194.298722
 1026194.337631
 1026194.378155
 1026194.417676
 1026194.457152
 1026194.497295
 1026194.538524
 1026194.579014
 1026194.618180
 1026194.659215
 1026194.700352
 1026194.736259
 1026194.773469
 1026194.811027
 1026194.848202
 1026194.891451
 1026194.928909
 1026194.967721
 1026195.006319
 1026195.042986
 1026195.082850
 1026195.123730
 1026195.163915
 1026195.203085
 1026195.245070
 1026195.282796
 1026195.322147
 1026195.358933
 1026195.398015
 1026195.434504
 1026195.471510
 1026195.508198
 1026195.547796
 1026195.586086
 1026195.624114
 1026195.663946
 1026195.702896
 1026195.740091
 1026195.778686
 1026195.818013
 1026195.855962
 1026195.896790
 1026195.935222
 1026195.970783
 1026196.006763
 1026196.049726
 1026196.090071
 1026196.127873
 1026196.166556
 1026196.205754
 1026196.243498
 1026196.280694
 1026196.319822
 1026196.355452
 1026196.393211
 1026196.434827
 1026196.473148
 1026196.512444
 1026196.554834
 1026196.592291
 1026196.631418
 1026196.668597
 1026196.708147
 1026196.749745
 1026196.790994
 1026196.829356
 1026196.867678
 1026196.906597
 1026196.948060
 1026196.988690
 1026197.030614
 1026197.071434
 1026197.115245
 1026197.155606
 1026197.193231
 1026197.233493
 1026197.270837
 1026197.309828
 1026197.349550
 1026197.387422
 1026197.424635
 1026197.463607
 1026197.499493
 1026197.536105
 1026197.573627
 1026197.616749
 1026197.655437
 1026197.697895
 1026197.737637
 1026197.775723
 1026197.816699
 1026197.855158
 1026197.897987
 1026197.935115
 1026197.981381
 1026198.021881
 1026198.064862
 1026198.106128
 1026198.145861
 1026198.186098
 1026198.235498
 1026198.273617
 1026198.317103
 1026198.355255
 1026198.396032
 1026198.443362
 1026198.482013
 1026198.525544
 1026198.565877
 1026198.603897
 1026198.652451
 1026198.697553
 1026198.743359
 1026198.786832
 1026198.829687
 1026198.871679
 1026198.913183
 1026198.952795
 1026198.995452
 1026199.031360
 1026199.074987
 1026199.116347
 1026199.156734
 1026199.199005
 1026199.239540
 1026199.280396
 1026199.322426
 1026199.362058
 1026199.406683
 1026199.443917
 1026199.484930
 1026199.525431
 1026199.565258
 1026199.607586
 1026199.645794
 1026199.683426
 1026199.730881
 1026199.773524
 1026199.814887
 1026199.857895
 1026199.903509
 1026199.948215
 1026199.997452
 1026200.040738
 1026200.090171
 1026200.137753
 1026200.189754
 1026200.230440
 1026200.268760
 1026200.313443
 1026200.355232
 1026200.396454
 1026200.438778
 1026200.486670
 1026200.530007
 1026200.575053
 1026200.615444
 1026200.660064
 1026200.702686
 1026200.748819
 1026200.795237
 1026200.841846
 1026200.887180
 1026200.926762
 1026200.967397
 1026201.010446
 1026201.060879
 1026201.104941
 1026201.148778
 1026201.191332
 1026201.245289
 1026201.293471
 1026201.351935
 1026201.396636
 1026201.442923
 1026201.486688
 1026201.532994
 1026201.587046
 1026201.633159
 1026201.676612
 1026201.727875
 1026201.780256
 1026201.828429
 1026201.870535
 1026201.921818
 1026201.965758
 1026202.016308
 1026202.066699
 1026202.105874
 1026202.155144
 1026202.198725
 1026202.246330
 1026202.301658
 1026202.354675
 1026202.406950
 1026202.464635
 1026202.515222
 1026202.559585
 1026202.603397
 1026202.660169
 1026202.710337
 1026202.760702
 1026202.814691
 1026202.865662
 1026202.916779
 1026202.979927
 1026203.027532
 1026203.079765
 1026203.131394
 1026203.179748
 1026203.233006
 1026203.285330
 1026203.340922
 1026203.386486
 1026203.429960
 1026203.481750
 1026203.539693
 1026203.592235
 1026203.642759
 1026203.695810
 1026203.748120
 1026203.801315
 1026203.847239
 1026203.895715
 1026203.956190
 1026204.000316
 1026204.050900
 1026204.104029
 1026204.149910
 1026204.209049
 1026204.264413
 1026204.328055
 1026204.384242
 1026204.435783
 1026204.486555
 1026204.538248
 1026204.594244
 1026204.650370
 1026204.702327
 1026204.756863
 1026204.818884
 1026204.864879
 1026204.918593
 1026204.974225
 1026205.039750
 1026205.097057
 1026205.144777
 1026205.197367
 1026205.250323
 1026205.304023
 1026205.351532
 1026205.418536
 1026205.469990
 1026205.529317
 1026205.580882
 1026205.635792
 1026205.687117
 1026205.740914
 1026205.792096
 1026205.847999
 1026205.902507
 1026205.958604
 1026206.010895
 1026206.065152
 1026206.118378
 1026206.169299
 1026206.222623
 1026206.273111
 1026206.333075
 1026206.374786
 1026206.426703
 1026206.480608
 1026206.539538
 1026206.598961
 1026206.649309
 1026206.706934
 1026206.756460
 1026206.803267
 1026206.856869
 1026206.916743
 1026206.967916
 1026207.026227
 1026207.080182
 1026207.136742
 1026207.182003
 1026207.233129
 1026207.285795
 1026207.330405
 1026207.386382
 1026207.441592
 1026207.494092
 1026207.541336
 1026207.594368
 1026207.652510
 1026207.706542
 1026207.768940
 1026207.816639
 1026207.865596
 1026207.924728
 1026207.977960
 1026208.029178
 1026208.085296
 1026208.136830
 1026208.189132
 1026208.241065
 1026208.292030
 1026208.344344
 1026208.408575
 1026208.459689
 1026208.511514
 1026208.553052
 1026208.607437
 1026208.658750
 1026208.713258
 1026208.769124
 1026208.815947
 1026208.864970
 1026208.918736
 1026208.966653
 1026209.015587
 1026209.062310
 1026209.111240
 1026209.170504
 1026209.216513
 1026209.265616
 1026209.310298
 1026209.352837
 1026209.396332
 1026209.440960
 1026209.486171
 1026209.535488
 1026209.591978
 1026209.637979
 1026209.685657
 1026209.730169
 1026209.775129
 1026209.820889
 1026209.868815
 1026209.915178
 1026209.963226
 1026210.012551
 1026210.053170
 1026210.098746
 1026210.148808
 1026210.193023
 1026210.247422
 1026210.288994
 1026210.332101
 1026210.378996
 1026210.426311
 1026210.471705
 1026210.515586
 1026210.563303
 1026210.608991
 1026210.651629
 1026210.698528
 1026210.741197
 1026210.781441
 1026210.829882
 1026210.876568
 1026210.920244
 1026210.965467
 1026211.008891
 1026211.059701
 1026211.102839
 1026211.151638
 1026211.196456
 1026211.236292
 1026211.278931
 1026211.324544
 1026211.365846
 1026211.413763
 1026211.458692
 1026211.501060
 1026211.544237
 1026211.588111
 1026211.631827
 1026211.674376
 1026211.716381
 1026211.762883
 1026211.805168
 1026211.850090
 1026211.891411
 1026211.939714
 1026211.979907
 1026212.019973
 1026212.063236
 1026212.106681
 1026212.150412
 1026212.190537
 1026212.231945
 1026212.273032
 1026212.315381
 1026212.357452
 1026212.403661
 1026212.446868
 1026212.491046
 1026212.530139
 1026212.573002
 1026212.619599
 1026212.663509
 1026212.702991
 1026212.748119
 1026212.789059
 1026212.833165
 1026212.873496
 1026212.915452
 1026212.959810
 1026212.998774
 1026213.040749
 1026213.083774
 1026213.125174
 1026213.167966
 1026213.214220
 1026213.255277
 1026213.297871
 1026213.339719
 1026213.383485
 1026213.423685
 1026213.464260
 1026213.508259
 1026213.550345
 1026213.592532
 1026213.638534
 1026213.675712
 1026213.720693
 1026213.766321
 1026213.809390
 1026213.847941
 1026213.887308
 1026213.925680
 1026213.967794
 1026214.008891
 1026214.049036
 1026214.092499
 1026214.131927
 1026214.174005
 1026214.214644
 1026214.251917
 1026214.295961
 1026214.337091
 1026214.380724
 1026214.422096
 1026214.465554
 1026214.506179
 1026214.546912
 1026214.585983
 1026214.631562
 1026214.670961
 1026214.713758
 1026214.758847
 1026214.800911
 1026214.847186
 1026214.888200
 1026214.925481
 1026214.964301
 1026215.003821
 1026215.044461
 1026215.086361
 1026215.125626
 1026215.167601
 1026215.212309
 1026215.250338
 1026215.289895
 1026215.329529
 1026215.367481
 1026215.408451
 1026215.449009
 1026215.490471
 1026215.527953
 1026215.566594
 1026215.603984
 1026215.643978
 1026215.685255
 1026215.726261
 1026215.764124
 1026215.805207
 1026215.840823
 1026215.880952
 1026215.921053
 1026215.960765
 1026216.000737
 1026216.042056
 1026216.082975
 1026216.124510
 1026216.164368
 1026216.206057
 1026216.247217
 1026216.289565
 1026216.331071
 1026216.371786
 1026216.412114
 1026216.451597
 1026216.490155
 1026216.529320
 1026216.569660
 1026216.610912
 1026216.652299
 1026216.691956
 1026216.733682
 1026216.772702
 1026216.813322
 1026216.853978
 1026216.893750
 1026216.934845
 1026216.975873
 1026217.014740
 1026217.053995
 1026217.093371
 1026217.134819
 1026217.177884
 1026217.217052
 1026217.256603
 1026217.295309
 1026217.336813
 1026217.374618
 1026217.417430
 1026217.457409
 1026217.498095
 1026217.537522
 1026217.577546
 1026217.617054
 1026217.658935
 1026217.700994
 1026217.741886
 1026217.782945
 1026217.822836
 1026217.863700
 1026217.904541
 1026217.944849
 1026217.987452
 1026218.029525
 1026218.072232
 1026218.111911
 1026218.150096
 1026218.188144
 1026218.228135
 1026218.270935
 1026218.310110
 1026218.351698
 1026218.390689
 1026218.431380
 1026218.473648
 1026218.514005
 1026218.554860
 1026218.595194
 1026218.635452
 1026218.678238
 1026218.717892
 1026218.757481
 1026218.796841
 1026218.836969
 1026218.876624
 1026218.920842
 1026218.962865
 1026219.002602
 1026219.042764
 1026219.085854
 1026219.126396
 1026219.168642
 1026219.209160
 1026219.250561
 1026219.289350
 1026219.329836
 1026219.368838
 1026219.408391
 1026219.448279
 1026219.489813
 1026219.533422
 1026219.576200
 1026219.616355
 1026219.658788
 1026219.699016
 1026219.737975
 1026219.778022
 1026219.817800
 1026219.859356
 1026219.902612
 1026219.944639
 1026219.987687
 1026220.028957
 1026220.071547
 1026220.111242
 1026220.154609
 1026220.193261
 1026220.233410
 1026220.272707
 1026220.312860
 1026220.352567
 1026220.394460
 1026220.435967
 1026220.476709
 1026220.519523
 1026220.559766
 1026220.599412
 1026220.636178
 1026220.676527
 1026220.719639
 1026220.757871
 1026220.801141
 1026220.842666
 1026220.882168
 1026220.922289
 1026220.965548
 1026221.003718
 1026221.047149
 1026221.091306
 1026221.134938
 1026221.176799
 1026221.217343
 1026221.258499
 1026221.302025
 1026221.344096
 1026221.382969
 1026221.423794
 1026221.463976
 1026221.509457
 1026221.551167
 1026221.589498
 1026221.632585
 1026221.673180
 1026221.715547
 1026221.756416
 1026221.795399
 1026221.838296
 1026221.877197
 1026221.923070
 1026221.964510
 1026222.008752
 1026222.047955
 1026222.088178
 1026222.127129
 1026222.169599
 1026222.212743
 1026222.255908
 1026222.295102
 1026222.335146
 1026222.373756
 1026222.414747
 1026222.460457
 1026222.499045
 1026222.539305
 1026222.580299
 1026222.622418
 1026222.664083
 1026222.705426
 1026222.744732
 1026222.784139
 1026222.824885
 1026222.867358
 1026222.909610
 1026222.949743
 1026222.988287
 1026223.028263
 1026223.069797
 1026223.110630
 1026223.151781
 1026223.190549
 1026223.230873
 1026223.271745
 1026223.312781
 1026223.352597
 1026223.393506
 1026223.437383
 1026223.477721
 1026223.521766
 1026223.564968
 1026223.605657
 1026223.644397
 1026223.688835
 1026223.731584
 1026223.772916
 1026223.815151
 1026223.857014
 1026223.898128
 1026223.938410
 1026223.977838
 1026224.019543
 1026224.063589
 1026224.104079
 1026224.148219
 1026224.187958
 1026224.231202
 1026224.271347
 1026224.316173
 1026224.357492
 1026224.398912
 1026224.441078
 1026224.484602
 1026224.524721
 1026224.564715
 1026224.603968
 1026224.645207
 1026224.687500
 1026224.730562
 1026224.770127
 1026224.813154
 1026224.853118
 1026224.894072
 1026224.938281
 1026224.981231
 1026225.022844
 1026225.063767
 1026225.105829
 1026225.146617
 1026225.188034
 1026225.227509
 1026225.269778
 1026225.309978
 1026225.351963
 1026225.392369
 1026225.433535
 1026225.475577
 1026225.518577
 1026225.557012
 1026225.600351
 1026225.640665
 1026225.683889
 1026225.724448
 1026225.768878
 1026225.809490
 1026225.854217
 1026225.894793
 1026225.936421
 1026225.980134
 1026226.021292
 1026226.061290
 1026226.105288
 1026226.146055
 1026226.185909
 1026226.227434
 1026226.268922
 1026226.310176
 1026226.353222
 1026226.394243
 1026226.435691
 1026226.477932
 1026226.523414
 1026226.564490
 1026226.602600
 1026226.642302
 1026226.683992
 1026226.728465
 1026226.773912
 1026226.819516
 1026226.862919
 1026226.907734
 1026226.948439
 1026226.991205
 1026227.036146
 1026227.078186
 1026227.118997
 1026227.161390
 1026227.203299
 1026227.242898
 1026227.285106
 1026227.324948
 1026227.368502
 1026227.409144
 1026227.445512
 1026227.488115
 1026227.528955
 1026227.570140
 1026227.612720
 1026227.653953
 1026227.696064
 1026227.741686
 1026227.787010
 1026227.830681
 1026227.871352
 1026227.910297
 1026227.953957
 1026227.999188
 1026228.041511
 1026228.084781
 1026228.126683
 1026228.167731
 1026228.209447
 1026228.251243
 1026228.291611
 1026228.333438
 1026228.374577
 1026228.415747
 1026228.461165
 1026228.504038
 1026228.545252
 1026228.585269
 1026228.628172
 1026228.672511
 1026228.720167
 1026228.762631
 1026228.804806
 1026228.847811
 1026228.891107
 1026228.933691
 1026228.974309
 1026229.017984
 1026229.059480
 1026229.103834
 1026229.143338
 1026229.187015
 1026229.229416
 1026229.272327
 1026229.316518
 1026229.359675
 1026229.399134
 1026229.442315
 1026229.485307
 1026229.529033
 1026229.572618
 1026229.615868
 1026229.658533
 1026229.700537
 1026229.747444
 1026229.789921
 1026229.831815
 1026229.873765
 1026229.917499
 1026229.959807
 1026230.002198
 1026230.043529
 1026230.085919
 1026230.129364
 1026230.168018
 1026230.210285
 1026230.254619
 1026230.299677
 1026230.343100
 1026230.385060
 1026230.428792
 1026230.473099
 1026230.515506
 1026230.558742
 1026230.600724
 1026230.641763
 1026230.684695
 1026230.727503
 1026230.767714
 1026230.808708
 1026230.848946
 1026230.891632
 1026230.934261
 1026230.979214
 1026231.018909
 1026231.061824
 1026231.102563
 1026231.146223
 1026231.186881
 1026231.228394
 1026231.270894
 1026231.312589
 1026231.356080
 1026231.396434
 1026231.441189
 1026231.484570
 1026231.525607
 1026231.566295
 1026231.610055
 1026231.649989
 1026231.693128
 1026231.736650
 1026231.776558
 1026231.819219
 1026231.860662
 1026231.899378
 1026231.942434
 1026231.985665
 1026232.029463
 1026232.072878
 1026232.118911
 1026232.161370
 1026232.203144
 1026232.249309
 1026232.292380
 1026232.335919
 1026232.377575
 1026232.420438
 1026232.462944
 1026232.507507
 1026232.551259
 1026232.592738
 1026232.637230
 1026232.680877
 1026232.724410
 1026232.765944
 1026232.808642
 1026232.850819
 1026232.893371
 1026232.937850
 1026232.979016
 1026233.022418
 1026233.065128
 1026233.105982
 1026233.149846
 1026233.192054
 1026233.236462
 1026233.280782
 1026233.326166
 1026233.369702
 1026233.411888
 1026233.457116
 1026233.498698
 1026233.544516
 1026233.585344
 1026233.626905
 1026233.667431
 1026233.705743
 1026233.749175
 1026233.792809
 1026233.838049
 1026233.875727
 1026233.920393
 1026233.962479
 1026234.004328
 1026234.047507
 1026234.091608
 1026234.134566
 1026234.179732
 1026234.222166
 1026234.263642
 1026234.310238
 1026234.354098
 1026234.398904
 1026234.440417
 1026234.487082
 1026234.531259
 1026234.573230
 1026234.615893
 1026234.659648
 1026234.703281
 1026234.749505
 1026234.793723
 1026234.836598
 1026234.881372
 1026234.920221
 1026234.967779
 1026235.012681
 1026235.056385
 1026235.100125
 1026235.143108
 1026235.187796
 1026235.232354
 1026235.275849
 1026235.319476
 1026235.363053
 1026235.405197
 1026235.448651
 1026235.492829
 1026235.537032
 1026235.581186
 1026235.624441
 1026235.665893
 1026235.710321
 1026235.754584
 1026235.797837
 1026235.841372
 1026235.886322
 1026235.926346
 1026235.971900
 1026236.017942
 1026236.060820
 1026236.102811
 1026236.147662
 1026236.191232
 1026236.235413
 1026236.278065
 1026236.321559
 1026236.363482
 1026236.405235
 1026236.448469
 1026236.489364
 1026236.529074
 1026236.572014
 1026236.614874
 1026236.656709
 1026236.700980
 1026236.743711
 1026236.788466
 1026236.834326
 1026236.879303
 1026236.922775
 1026236.965006
 1026237.010186
 1026237.052291
 1026237.092773
 1026237.138231
 1026237.181746
 1026237.226202
 1026237.270657
 1026237.314672
 1026237.359609
 1026237.405609
 1026237.448748
 1026237.490603
 1026237.538622
 1026237.583470
 1026237.629965
 1026237.669914
 1026237.712849
 1026237.756768
 1026237.798074
 1026237.844369
 1026237.889520
 1026237.933460
 1026237.977166
 1026238.020687
 1026238.062334
 1026238.104531
 1026238.147952
 1026238.190393
 1026238.233142
 1026238.276038
 1026238.321867
 1026238.367445
 1026238.410300
 1026238.448604
 1026238.493127
 1026238.537306
 1026238.582938
 1026238.630124
 1026238.673756
 1026238.716950
 1026238.760184
 1026238.806359
 1026238.846747
 1026238.895657
 1026238.937270
 1026238.981418
 1026239.024240
 1026239.066170
 1026239.112905
 1026239.155474
 1026239.199190
 1026239.245437
 1026239.287753
 1026239.333016
 1026239.373849
 1026239.417994
 1026239.463713
 1026239.507724
 1026239.553595
 1026239.598649
 1026239.640433
 1026239.684404
 1026239.731133
 1026239.773235
 1026239.817309
 1026239.860903
 1026239.905084
 1026239.947540
 1026239.991308
 1026240.031178
 1026240.076827
 1026240.120750
 1026240.164070
 1026240.205407
 1026240.249804
 1026240.294180
 1026240.338321
 1026240.381062
 1026240.421905
 1026240.467971
 1026240.512245
 1026240.557200
 1026240.599053
 1026240.643421
 1026240.688692
 1026240.732590
 1026240.775904
 1026240.816643
 1026240.864679
 1026240.908147
 1026240.951721
 1026240.997910
 1026241.041198
 1026241.085968
 1026241.129384
 1026241.174399
 1026241.214757
 1026241.260173
 1026241.303811
 1026241.350051
 1026241.397155
 1026241.443663
 1026241.484565
 1026241.529024
 1026241.572138
 1026241.617380
 1026241.661017
 1026241.708346
 1026241.752935
 1026241.796374
 1026241.842387
 1026241.888552
 1026241.935046
 1026241.978161
 1026242.024548
 1026242.065583
 1026242.110981
 1026242.158010
 1026242.203772
 1026242.250764
 1026242.294502
 1026242.339033
 1026242.386127
 1026242.432158
 1026242.475236
 1026242.522654
 1026242.567784
 1026242.609787
 1026242.655709
 1026242.703395
 1026242.750819
 1026242.796349
 1026242.840341
 1026242.889404
 1026242.932673
 1026242.979881
 1026243.025657
 1026243.067765
 1026243.115742
 1026243.163892
 1026243.209729
 1026243.254744
 1026243.298156
 1026243.340700
 1026243.386357
 1026243.430291
 1026243.476296
 1026243.520783
 1026243.567873
 1026243.613146
 1026243.660877
 1026243.710027
 1026243.758612
 1026243.804402
 1026243.848226
 1026243.894507
 1026243.941112
 1026243.985829
 1026244.033663
 1026244.080584
 1026244.127685
 1026244.176142
 1026244.225074
 1026244.270430
 1026244.315770
 1026244.358732
 1026244.403668
 1026244.447877
 1026244.492050
 1026244.538534
 1026244.585380
 1026244.630906
 1026244.675954
 1026244.727344
 1026244.772748
 1026244.821140
 1026244.867879
 1026244.913896
 1026244.959446
 1026245.010258
 1026245.056589
 1026245.103763
 1026245.150646
 1026245.196050
 1026245.248254
 1026245.297155
 1026245.343097
 1026245.392392
 1026245.437851
 1026245.486449
 1026245.533147
 1026245.580946
 1026245.625374
 1026245.670751
 1026245.715155
 1026245.764117
 1026245.809827
 1026245.856048
 1026245.901500
 1026245.945316
 1026245.994175
 1026246.040573
 1026246.085237
 1026246.134366
 1026246.178387
 1026246.227510
 1026246.273574
 1026246.319779
 1026246.369196
 1026246.420105
 1026246.465136
 1026246.514110
 1026246.564702
 1026246.613914
 1026246.661926
 1026246.709490
 1026246.761695
 1026246.808442
 1026246.852152
 1026246.906728
 1026246.955171
 1026247.004185
 1026247.051159
 1026247.095993
 1026247.146241
 1026247.191185
 1026247.239106
 1026247.285826
 1026247.338795
 1026247.387458
 1026247.430696
 1026247.479641
 1026247.531822
 1026247.580574
 1026247.626881
 1026247.678200
 1026247.722221
 1026247.770727
 1026247.814321
 1026247.864254
 1026247.915471
 1026247.962911
 1026248.005294
 1026248.053333
 1026248.100343
 1026248.149569
 1026248.201019
 1026248.249903
 1026248.296649
 1026248.344958
 1026248.394208
 1026248.446747
 1026248.501300
 1026248.548773
 1026248.595988
 1026248.642599
 1026248.690759
 1026248.740286
 1026248.791986
 1026248.843992
 1026248.894833
 1026248.946165
 1026248.997604
 1026249.049238
 1026249.100044
 1026249.147272
 1026249.195686
 1026249.249790
 1026249.299654
 1026249.347084
 1026249.392824
 1026249.440204
 1026249.488233
 1026249.534811
 1026249.582373
 1026249.631223
 1026249.683478
 1026249.729151
 1026249.776864
 1026249.833834
 1026249.887565
 1026249.937014
 1026249.987726
 1026250.041315
 1026250.089244
 1026250.142275
 1026250.195104
 1026250.249827
 1026250.296438
 1026250.344977
 1026250.402288
 1026250.454987
 1026250.511800
 1026250.562346
 1026250.609143
 1026250.657363
 1026250.709559
 1026250.763722
 1026250.815948
 1026250.862073
 1026250.912242
 1026250.965823
 1026251.018042
 1026251.071442
 1026251.124634
 1026251.173991
 1026251.221528
 1026251.273840
 1026251.329131
 1026251.382235
 1026251.435597
 1026251.491642
 1026251.544343
 1026251.592893
 1026251.647038
 1026251.706619
 1026251.760678
 1026251.812889
 1026251.861874
 1026251.913958
 1026251.963183
 1026252.014855
 1026252.068589
 1026252.124951
 1026252.178248
 1026252.226501
 1026252.284164
 1026252.336648
 1026252.393124
 1026252.440461
 1026252.496212
 1026252.549409
 1026252.604711
 1026252.658029
 1026252.713616
 1026252.765444
 1026252.818326
 1026252.870528
 1026252.920067
 1026252.972877
 1026253.029725
 1026253.093222
 1026253.146695
 1026253.206258
 1026253.258833
 1026253.314546
 1026253.362562
 1026253.421564
 1026253.474913
 1026253.530169
 1026253.591994
 1026253.643913
 1026253.703771
 1026253.753130
 1026253.808398
 1026253.861478
 1026253.916525
 1026253.966525
 1026254.020980
 1026254.070567
 1026254.125956
 1026254.185131
 1026254.237607
 1026254.289625
 1026254.339777
 1026254.392506
 1026254.448223
 1026254.507304
 1026254.568667
 1026254.625713
 1026254.684636
 1026254.742747
 1026254.796235
 1026254.851693
 1026254.913508
 1026254.971998
 1026255.036591
 1026255.083619
 1026255.132185
 1026255.187234
 1026255.255488
 1026255.317970
 1026255.377288
 1026255.435213
 1026255.495577
 1026255.547339
 1026255.600949
 1026255.664483
 1026255.721993
 1026255.775686
 1026255.827129
 1026255.886932
 1026255.940443
 1026256.003067
 1026256.059011
 1026256.111104
 1026256.166936
 1026256.227843
 1026256.276625
 1026256.339658
 1026256.396544
 1026256.454263
 1026256.508570
 1026256.569886
 1026256.625664
 1026256.695377
 1026256.750924
 1026256.807555
 1026256.873614
 1026256.929639
 1026256.989369
 1026257.043988
 1026257.107149
 1026257.172380
 1026257.230703
 1026257.282672
 1026257.339633
 1026257.399780
 1026257.453359
 1026257.509282
 1026257.570420
 1026257.624768
 1026257.685322
 1026257.749568
 1026257.803998
 1026257.859505
 1026257.923744
 1026257.986212
 1026258.052565
 1026258.117834
 1026258.176962
 1026258.236286
 1026258.292751
 1026258.355263
 1026258.418309
 1026258.471999
 1026258.524523
 1026258.580710
 1026258.631435
 1026258.691343
 1026258.744147
 1026258.810251
 1026258.865117
 1026258.935553
 1026258.997121
 1026259.054558
 1026259.128861
 1026259.188602
 1026259.243227
 1026259.301823
 1026259.359286
 1026259.423513
 1026259.480077
 1026259.542064
 1026259.599485
 1026259.655503
 1026259.708277
 1026259.772197
 1026259.823986
 1026259.878365
 1026259.936837
 1026259.989024
 1026260.048677
 1026260.110200
 1026260.164913
 1026260.233486
 1026260.300049
 1026260.362052
 1026260.425434
 1026260.481829
 1026260.545640
 1026260.609106
 1026260.666364
 1026260.737274
 1026260.793775
 1026260.852201
 1026260.910091
 1026260.972579
 1026261.031542
 1026261.103671
 1026261.159565
 1026261.217099
 1026261.279247
 1026261.339707
 1026261.396217
 1026261.455298
 1026261.513065
 1026261.573827
 1026261.643688
 1026261.706360
 1026261.767177
 1026261.820747
 1026261.883217
 1026261.940560
 1026261.998611
 1026262.059660
 1026262.119657
 1026262.171181
 1026262.225148
 1026262.289585
 1026262.342680
 1026262.390697
 1026262.453969
 1026262.511555
 1026262.572189
 1026262.631232
 1026262.692701
 1026262.754247
 1026262.816136
 1026262.875343
 1026262.928123
 1026263.000195
 1026263.071254
 1026263.140475
 1026263.199448
 1026263.256225
 1026263.316543
 1026263.381131
 1026263.442735
 1026263.504111
 1026263.565482
 1026263.627187
 1026263.697016
 1026263.764453
 1026263.829964
 1026263.894587
 1026263.959407
 1026264.024302
 1026264.085305
 1026264.152114
 1026264.214781
 1026264.272179
 1026264.333627
 1026264.392585
 1026264.458971
 1026264.509335
 1026264.562833
 1026264.618358
 1026264.677693
 1026264.734825
 1026264.797322
 1026264.855721
 1026264.914793
 1026264.969798
 1026265.033323
 1026265.099535
 1026265.154961
 1026265.217506
 1026265.271838
 1026265.321047
 1026265.389428
 1026265.449781
 1026265.502750
 1026265.564645
 1026265.624894
 1026265.687265
 1026265.742691
 1026265.800413
 1026265.860487
 1026265.918767
 1026265.976010
 1026266.031499
 1026266.088462
 1026266.146563
 1026266.202954
 1026266.265641
 1026266.333331
 1026266.401661
 1026266.457077
 1026266.518167
 1026266.579116
 1026266.640173
 1026266.696628
 1026266.754123
 1026266.805877
 1026266.858789
 1026266.920209
 1026266.969186
 1026267.028224
 1026267.088244
 1026267.138992
 1026267.187240
 1026267.240608
 1026267.296148
 1026267.352724
 1026267.408597
 1026267.464348
 1026267.522746
 1026267.578999
 1026267.640563
 1026267.700214
 1026267.759307
 1026267.814612
 1026267.876571
 1026267.939410
 1026267.996641
 1026268.062262
 1026268.116940
 1026268.176758
 1026268.239457
 1026268.293136
 1026268.351421
 1026268.415775
 1026268.474112
 1026268.534639
 1026268.590061
 1026268.642808
 1026268.700147
 1026268.767604
 1026268.831980
 1026268.893540
 1026268.957019
 1026269.015654
 1026269.073464
 1026269.129699
 1026269.195381
 1026269.246988
 1026269.293768
 1026269.350212
 1026269.408356
 1026269.462812
 1026269.517085
 1026269.574113
 1026269.630093
 1026269.687867
 1026269.747169
 1026269.807124
 1026269.869794
 1026269.921596
 1026269.983378
 1026270.041757
 1026270.101528
 1026270.153959
 1026270.218600
 1026270.270790
 1026270.327472
 1026270.384356
 1026270.444053
 1026270.498623
 1026270.557441
 1026270.607576
 1026270.667672
 1026270.719615
 1026270.784314
 1026270.842609
 1026270.899994
 1026270.954209
 1026271.010141
 1026271.066392
 1026271.128621
 1026271.182914
 1026271.246277
 1026271.301943
 1026271.352128
 1026271.406053
 1026271.455971
 1026271.520952
 1026271.573087
 1026271.628499
 1026271.677672
 1026271.730879
 1026271.785862
 1026271.839473
 1026271.894115
 1026271.952338
 1026272.006975
 1026272.067415
 1026272.125532
 1026272.173655
 1026272.224207
 1026272.274874
 1026272.329279
 1026272.379857
 1026272.433771
 1026272.495651
 1026272.549562
 1026272.603753
 1026272.655240
 1026272.714544
 1026272.770003
 1026272.823806
 1026272.875128
 1026272.931263
 1026272.981081
 1026273.040717
 1026273.090470
 1026273.148411
 1026273.197354
 1026273.252093
 1026273.304251
 1026273.355665
 1026273.410084
 1026273.466174
 1026273.520163
 1026273.580408
 1026273.635567
 1026273.693315
 1026273.749530
 1026273.797567
 1026273.847668
 1026273.902683
 1026273.951486
 1026274.008539
 1026274.061756
 1026274.116488
 1026274.172753
 1026274.223197
 1026274.288278
 1026274.341102
 1026274.392881
 1026274.446284
 1026274.496150
 1026274.548417
 1026274.607053
 1026274.665035
 1026274.710125
 1026274.762811
 1026274.816450
 1026274.871287
 1026274.925500
 1026274.977363
 1026275.028624
 1026275.084900
 1026275.140041
 1026275.190766
 1026275.238379
 1026275.287916
 1026275.339008
 1026275.392742
 1026275.445159
 1026275.492169
 1026275.545766
 1026275.593558
 1026275.643628
 1026275.692039
 1026275.744911
 1026275.794886
 1026275.852310
 1026275.899772
 1026275.952553
 1026276.003762
 1026276.054696
 1026276.110695
 1026276.173382
 1026276.227810
 1026276.285348
 1026276.344022
 1026276.394129
 1026276.454512
 1026276.503482
 1026276.551156
 1026276.603548
 1026276.663250
 1026276.712054
 1026276.766948
 1026276.815838
 1026276.868278
 1026276.919801
 1026276.974458
 1026277.021089
 1026277.067913
 1026277.120236
 1026277.177007
 1026277.225934
 1026277.278002
 1026277.329108
 1026277.377246
 1026277.426388
 1026277.475054
 1026277.529395
 1026277.578799
 1026277.628376
 1026277.680396
 1026277.733911
 1026277.783195
 1026277.833405
 1026277.891972
 1026277.947305
 1026277.993742
 1026278.043658
 1026278.094747
 1026278.147032
 1026278.199040
 1026278.244242
 1026278.295576
 1026278.344694
 1026278.397002
 1026278.449657
 1026278.501097
 1026278.552131
 1026278.599730
 1026278.649091
 1026278.699020
 1026278.746332
 1026278.797861
 1026278.848774
 1026278.897656
 1026278.947959
 1026278.998930
 1026279.044680
 1026279.097745
 1026279.148349
 1026279.195877
 1026279.248895
 1026279.300145
 1026279.349936
 1026279.399465
 1026279.451861
 1026279.500276
 1026279.552889
 1026279.601032
 1026279.654998
 1026279.700679
 1026279.755167
 1026279.799957
 1026279.849724
 1026279.898322
 1026279.952048
 1026280.000561
 1026280.051377
 1026280.103086
 1026280.154722
 1026280.203012
 1026280.256057
 1026280.309679
 1026280.361928
 1026280.412685
 1026280.461814
 1026280.511901
 1026280.558678
 1026280.609062
 1026280.657465
 1026280.706873
 1026280.762389
 1026280.811638
 1026280.861463
 1026280.916266
 1026280.965183
 1026281.016364
 1026281.074399
 1026281.125810
 1026281.172846
 1026281.226325
 1026281.277487
 1026281.325909
 1026281.374212
 1026281.422049
 1026281.471894
 1026281.518341
 1026281.566261
 1026281.615919
 1026281.664451
 1026281.715003
 1026281.761125
 1026281.808597
 1026281.862116
 1026281.907387
 1026281.958153
 1026282.009976
 1026282.062121
 1026282.113263
 1026282.166670
 1026282.214511
 1026282.260812
 1026282.309810
 1026282.358233
 1026282.404291
 1026282.453589
 1026282.503162
 1026282.549265
 1026282.598092
 1026282.647989
 1026282.697612
 1026282.750778
 1026282.803311
 1026282.853971
 1026282.904245
 1026282.954645
 1026283.001434
 1026283.048079
 1026283.102075
 1026283.150743
 1026283.203468
 1026283.253515
 1026283.303160
 1026283.349869
 1026283.401053
 1026283.449531
 1026283.496935
 1026283.549793
 1026283.597914
 1026283.649991
 1026283.698813
 1026283.750794
 1026283.798939
 1026283.851512
 1026283.902993
 1026283.949620
 1026283.996581
 1026284.049659
 1026284.096340
 1026284.142168
 1026284.194055
 1026284.245435
 1026284.292911
 1026284.339661
 1026284.385443
 1026284.432491
 1026284.483597
 1026284.534150
 1026284.584606
 1026284.631214
 1026284.683303
 1026284.736167
 1026284.781987
 1026284.827156
 1026284.874848
 1026284.923183
 1026284.973352
 1026285.022475
 1026285.074501
 1026285.126388
 1026285.175564
 1026285.223332
 1026285.274081
 1026285.319974
 1026285.373436
 1026285.425750
 1026285.473267
 1026285.525061
 1026285.576215
 1026285.624572
 1026285.672704
 1026285.723067
 1026285.775013
 1026285.824915
 1026285.876778
 1026285.927303
 1026285.977474
 1026286.026479
 1026286.074973
 1026286.121810
 1026286.173476
 1026286.223856
 1026286.272284
 1026286.321310
 1026286.370353
 1026286.420492
 1026286.472732
 1026286.525007
 1026286.576127
 1026286.626232
 1026286.678345
 1026286.725153
 1026286.774605
 1026286.825045
 1026286.874136
 1026286.922157
 1026286.972391
 1026287.019798
 1026287.068589
 1026287.114680
 1026287.160440
 1026287.210015
 1026287.257576
 1026287.306110
 1026287.355920
 1026287.403816
 1026287.452288
 1026287.502532
 1026287.551329
 1026287.599263
 1026287.649995
 1026287.699057
 1026287.748378
 1026287.797610
 1026287.849434
 1026287.896659
 1026287.945384
 1026287.995301
 1026288.046389
 1026288.095307
 1026288.146194
 1026288.195864
 1026288.245601
 1026288.294775
 1026288.344527
 1026288.397627
 1026288.446606
 1026288.497526
 1026288.548922
 1026288.596893
 1026288.649034
 1026288.694364
 1026288.740830
 1026288.786954
 1026288.837616
 1026288.886395
 1026288.937875
 1026288.989916
 1026289.039315
 1026289.086587
 1026289.133042
 1026289.180643
 1026289.230162
 1026289.284292
 1026289.333670
 1026289.383668
 1026289.436886
 1026289.489116
 1026289.538688
 1026289.589515
 1026289.640624
 1026289.687199
 1026289.736828
 1026289.786844
 1026289.834082
 1026289.886862
 1026289.936159
 1026289.984947
 1026290.035079
 1026290.086597
 1026290.137672
 1026290.182145
 1026290.232970
 1026290.284328
 1026290.334574
 1026290.381929
 1026290.432178
 1026290.485403
 1026290.533470
 1026290.584771
 1026290.637285
 1026290.685332
 1026290.734851
 1026290.786738
 1026290.834064
 1026290.882110
 1026290.927496
 1026290.984153
 1026291.034323
 1026291.089954
 1026291.133652
 1026291.183992
 1026291.236338
 1026291.282064
 1026291.333577
 1026291.382274
 1026291.436821
 1026291.487200
 1026291.539425
 1026291.590546
 1026291.638589
 1026291.689225
 1026291.740942
 1026291.788153
 1026291.837174
 1026291.885419
 1026291.937058
 1026291.987614
 1026292.042802
 1026292.094019
 1026292.144701
 1026292.194080
 1026292.244225
 1026292.296957
 1026292.346736
 1026292.394954
 1026292.447854
 1026292.497744
 1026292.544392
 1026292.596695
 1026292.645995
 1026292.695268
 1026292.743765
 1026292.791442
 1026292.842260
 1026292.891889
 1026292.911217
 1026292.921042
 1026292.930635
 1026292.940526
 1026292.950265
 1026292.959935
 1026292.969486
 1026292.979659
 1026292.989152
 1026292.999311
 1026293.008866
 1026293.018410
 1026293.028194
 1026293.038112
 1026293.047829
 1026293.057913
 1026293.067134
 1026293.076678
 1026293.086826
 1026293.096142
 1026293.105664
 1026293.115299
 1026293.125031
 1026293.135320
 1026293.144956
 1026293.155691
 1026293.165195
 1026293.175224
 1026293.184625
 1026293.194727
 1026293.204306
 1026293.214131
 1026293.223934
 1026293.234257
 1026293.243588
 1026293.252463
 1026293.262350
 1026293.271916
 1026293.282270
 1026293.292363
 1026293.301482
 1026293.311296
 1026293.320798
 1026293.331008
 1026293.340982
 1026293.350267
 1026293.359803
 1026293.369419
 1026293.378662
 1026293.388200
 1026293.398466
 1026293.407443
 1026293.416891
 1026293.426279
 1026293.435196
 1026293.445561
 1026293.455730
 1026293.465027
 1026293.474456
 1026293.484372
 1026293.493755
 1026293.503856
 1026293.512712
 1026293.522576
 1026293.532228
 1026293.541874
 1026293.551407
 1026293.561276
 1026293.571290
 1026293.581472
 1026293.591432
 1026293.601506
 1026293.610916
 1026293.621545
 1026293.631476
 1026293.640945
 1026293.651629
 1026293.662130
 1026293.671758
 1026293.681606
 1026293.691319
 1026293.701491
 1026293.710967
 1026293.720983
 1026293.731161
 1026293.741322
 1026293.751679
 1026293.761238
 1026293.770844
 1026293.780654
 1026293.790562
 1026293.800022
 1026293.809949
 1026293.820243
 1026293.829717
 1026293.839554
 1026293.849211
 1026293.858411
 1026293.867819
 1026293.878220
 1026293.887833
 1026293.897671
 1026293.907275
 1026293.917287
 1026293.927319
 1026293.937059
 1026293.947065
 1026293.957195
 1026293.967512
 1026293.976548
 1026293.986245
 1026293.995905
 1026294.004945
 1026294.014340
 1026294.023580
 1026294.033846
 1026294.043832
 1026294.053007
 1026294.062207
 1026294.072531
 1026294.082502
 1026294.092231
 1026294.102408
 1026294.112354
 1026294.122260
 1026294.132139
 1026294.141915
 1026294.152106
 1026294.161272
 1026294.170562
 1026294.180823
 1026294.189798
 1026294.199703
 1026294.209277
 1026294.219099
 1026294.229264
 1026294.238710
 1026294.248569
 1026294.258597
 1026294.268186
 1026294.277582
 1026294.287365
 1026294.296756
 1026294.306091
 1026294.316146
 1026294.325943
 1026294.335687
 1026294.345196
 1026294.355090
 1026294.364545
 1026294.374173
 1026294.383731
 1026294.393782
 1026294.403942
 1026294.414179
 1026294.424132
 1026294.433755
 1026294.443245
 1026294.453232
 1026294.462248
 1026294.472497
 1026294.482559
 1026294.492325
 1026294.501904
 1026294.512113
 1026294.522101
 1026294.531466
 1026294.541546
 1026294.551174
 1026294.561457
 1026294.571182
 1026294.581234
 1026294.590706
 1026294.600524
 1026294.610343
 1026294.621207
 1026294.630573
 1026294.640192
 1026294.650064
 1026294.660075
 1026294.669471
 1026294.679562
 1026294.689551
 1026294.699684
 1026294.710204
 1026294.719044
 1026294.727498
 1026294.736363
 1026294.744858
 1026294.754066
 1026294.762341
 1026294.771180
 1026294.779581
 1026294.788378
 1026294.797291
 1026294.806536
 1026294.815383
 1026294.824457
 1026294.833017
 1026294.842212
 1026294.851150
 1026294.859815
 1026294.869410
 1026294.878042
 1026294.887206
 1026294.895756
 1026294.904409
 1026294.913190
 1026294.921511
 1026294.930488
 1026294.939896
 1026294.948957
 1026294.958074
 1026294.966744
 1026294.975541
 1026294.985048
 1026294.994088
 1026295.003137
 1026295.011781
 1026295.019919
 1026295.029094
 1026295.037696
 1026295.046774
 1026295.055756
 1026295.064545
 1026295.072952
 1026295.081600
 1026295.090024
 1026295.099187
 1026295.108462
 1026295.117296
 1026295.126807
 1026295.135559
 1026295.144274
 1026295.153018
 1026295.161913
 1026295.171391
 1026295.179830
 1026295.188575
 1026295.197078
 1026295.205818
 1026295.214833
 1026295.223802
 1026295.232964
 1026295.241976
 1026295.250410
 1026295.259032
 1026295.268384
 1026295.277665
 1026295.286784
 1026295.296149
 1026295.305115
 1026295.314105
 1026295.323117
 1026295.331982
 1026295.341132
 1026295.350604
 1026295.359069
 1026295.368330
 1026295.377312
 1026295.386497
 1026295.395125
 1026295.404889
 1026295.413998
 1026295.422786
 1026295.432176
 1026295.440992
 1026295.449480
 1026295.458109
 1026295.467243
 1026295.476579
 1026295.485156
 1026295.493504
 1026295.502676
 1026295.511386
 1026295.520587
 1026295.529774
 1026295.539198
 1026295.548158
 1026295.556916
 1026295.566033
 1026295.575489
 1026295.584204
 1026295.593114
 1026295.602061
 1026295.610964
 1026295.619820
 1026295.629313
 1026295.638372
 1026295.647082
 1026295.655741
 1026295.664469
 1026295.673496
 1026295.682685
 1026295.692059
 1026295.700745
 1026295.709425
 1026295.718208
 1026295.727458
 1026295.736042
 1026295.745678
 1026295.754596
 1026295.763970
 1026295.773067
 1026295.782128
 1026295.791899
 1026295.800829
 1026295.809519
 1026295.818366
 1026295.827343
 1026295.836646
 1026295.845470
 1026295.854763
 1026295.863438
 1026295.872803
 1026295.881872
 1026295.891413
 1026295.900041
 1026295.909244
 1026295.918132
 1026295.927037
 1026295.935882
 1026295.945067
 1026295.954090
 1026295.963232
 1026295.972294
 1026295.981244
 1026295.989320
 1026295.998910
 1026296.008752
 1026296.017554
 1026296.026496
 1026296.035201
 1026296.044598
 1026296.054197
 1026296.064117
 1026296.073299
 1026296.081908
 1026296.091387
 1026296.100613
 1026296.109297
 1026296.118190
 1026296.127818
 1026296.137041
 1026296.145910
 1026296.155543
 1026296.164739
 1026296.174181
 1026296.183386
 1026296.192456
 1026296.201814
 1026296.210329
 1026296.219457
 1026296.228618
 1026296.237773
 1026296.246717
 1026296.255822
 1026296.265192
 1026296.273915
 1026296.282022
 1026296.290953
 1026296.300155
 1026296.309130
 1026296.319193
 1026296.328839
 1026296.337899
 1026296.346809
 1026296.355682
 1026296.365024
 1026296.373578
 1026296.382242
 1026296.391733
 1026296.400918
 1026296.409822
 1026296.420095
 1026296.429088
 1026296.437870
 1026296.447029
 1026296.455925
 1026296.465306
 1026296.474954
 1026296.484023
 1026296.493614
 1026296.503698
 1026296.513705
 1026296.523629
 1026296.533709
 1026296.543611
 1026296.553979
 1026296.563742
 1026296.573345
 1026296.584516
 1026296.594486
 1026296.605008
 1026296.614882
 1026296.625042
 1026296.635697
 1026296.645915
 1026296.656149
 1026296.666121
 1026296.676592
 1026296.686641
 1026296.696097
 1026296.706850
 1026296.716891
 1026296.727125
 1026296.738125
 1026296.748626
 1026296.759165
 1026296.768841
 1026296.778655
 1026296.788416
 1026296.798469
 1026296.808104
 1026296.818134
 1026296.827891
 1026296.838233
 1026296.847874
 1026296.857947
 1026296.868537
 1026296.878948
 1026296.889270
 1026296.899183
 1026296.909270
 1026296.919596
 1026296.929469
 1026296.939219
 1026296.949537
 1026296.959103
 1026296.969106
 1026296.979256
 1026296.989321
 1026296.999214
 1026297.008891
 1026297.019188
 1026297.029242
 1026297.039239
 1026297.049340
 1026297.059528
 1026297.070985
 1026297.081313
 1026297.092289
 1026297.101922
 1026297.111855
 1026297.121421
 1026297.131630
 1026297.142125
 1026297.151962
 1026297.162488
 1026297.172266
 1026297.182135
 1026297.192403
 1026297.202696
 1026297.212873
 1026297.223852
 1026297.234394
 1026297.245401
 1026297.255483
 1026297.265341
 1026297.275642
 1026297.285431
 1026297.295751
 1026297.305854
 1026297.316033
 1026297.326070
 1026297.336889
 1026297.347858
 1026297.358052
 1026297.368299
 1026297.378847
 1026297.389029
 1026297.398786
 1026297.408916
 1026297.418628
 1026297.428299
 1026297.438369
 1026297.449850
 1026297.460124
 1026297.470403
 1026297.480184
 1026297.490389
 1026297.500209
 1026297.510258
 1026297.520360
 1026297.530581
 1026297.541255
 1026297.551373
 1026297.561502
 1026297.571415
 1026297.581509
 1026297.591370
 1026297.600745
 1026297.610874
 1026297.620531
 1026297.631337
 1026297.641963
 1026297.652705
 1026297.663021
 1026297.673127
 1026297.683231
 1026297.693640
 1026297.703741
 1026297.713631
 1026297.723588
 1026297.734078
 1026297.743862
 1026297.753680
 1026297.763796
 1026297.774616
 1026297.785065
 1026297.795040
 1026297.805796
 1026297.816116
 1026297.826906
 1026297.837213
 1026297.846964
 1026297.858612
 1026297.868336
 1026297.878920
 1026297.889526
 1026297.900699
 1026297.910597
 1026297.920499
 1026297.930476
 1026297.941695
 1026297.952063
 1026297.963320
 1026297.973596
 1026297.983596
 1026297.993333
 1026298.003743
 1026298.015352
 1026298.025507
 1026298.036308
 1026298.046716
 1026298.056766
 1026298.066974
 1026298.077617
 1026298.088150
 1026298.099054
 1026298.109203
 1026298.119806
 1026298.130192
 1026298.140711
 1026298.151533
 1026298.161682
 1026298.172668
 1026298.182556
 1026298.192830
 1026298.203143
 1026298.214030
 1026298.225016
 1026298.235823
 1026298.246480
 1026298.256988
 1026298.267825
 1026298.278558
 1026298.288867
 1026301.438364
 1026301.449428
 1026301.461145
 1026301.472433
 1026301.484446
 1026301.495438
 1026301.506358
 1026301.517731
 1026301.527998
 1026301.537906
 1026301.549115
 1026301.561315
 1026301.572488
 1026301.588391
